 Year MonthOfYear MonthOfCentury AirPressure(hPa) AirTemperature(C) AirTemperatureHygroClip(C) RelativeHumidity(%) SpecificHumidity(g/kg) WindSpeed(m/s) WindDirection(d) SensibleHeatFlux(W/m2) LatentHeatFlux(W/m2) ShortwaveRadiationDown(W/m2) ShortwaveRadiationDown_Cor(W/m2) ShortwaveRadiationUp(W/m2) ShortwaveRadiationUp_Cor(W/m2) Albedo_theta<70d LongwaveRadiationDown(W/m2) LongwaveRadiationUp(W/m2) HeightSensorBoom(m) LatitudeGPS_HDOP<1(degN) LongitudeGPS_HDOP<1(degW) ElevationGPS_HDOP<1(m) FanOK(%)
 2017    5  209 -999.00 -999.00 -999.00 -999.0 -999.00 -999.00  -999.0  -999.0  -999.0  -999.0  -999.0  -999.0  -999.0 -999.000 -999.0 -999.0 -999.000 -999.0000000 -999.0000000 -999.0 -999
 2017    6  210 -999.00 -999.00 -999.00 -999.0 -999.00 -999.00  -999.0  -999.0  -999.0  -999.0  -999.0  -999.0  -999.0 -999.000 -999.0 -999.0    1.824 -999.0000000 -999.0000000 -999.0 -999
 2017    7  211 -999.00 -999.00 -999.00 -999.0 -999.00 -999.00  -999.0  -999.0  -999.0  -999.0  -999.0  -999.0  -999.0 -999.000 -999.0 -999.0    1.860 -999.0000000 -999.0000000 -999.0  100
 2017    8  212  799.12   -7.92   -7.62   94.8    2.46    6.16   181.4     4.7    -4.9   165.8   175.4   153.6   152.8    0.888  255.8  279.6    2.531 -999.0000000 -999.0000000 -999.0  100
 2017    9  213  793.05  -16.82  -16.66   98.4    1.18    6.15   157.2    14.7     2.5    53.3    74.0    67.7    67.3 -999.000  221.2  241.5    2.173 -999.0000000 -999.0000000 -999.0  100
 2017   10  214  789.45  -21.89  -21.88   99.7    0.81    6.35   163.0     3.6     0.6    11.4    10.9     9.9     9.5 -999.000  207.2  226.5    2.149 -999.0000000 -999.0000000 -999.0   77
 2017   11  215  792.08  -30.58  -30.67   99.7 -999.00    6.02   135.1  -999.0  -999.0    -0.8     0.0     0.4     0.0 -999.000  188.0  196.1    2.144 -999.0000000 -999.0000000 -999.0    3
 2017   12  216  786.31  -28.13  -28.22   99.9    0.48    4.83   150.7     0.5     0.0    -0.5     0.0     0.3     0.0 -999.000  200.8  205.5    2.018 -999.0000000 -999.0000000 -999.0 -999
 2018    1  217  784.26  -35.85  -34.92   99.0    0.22    6.28   133.5    10.5     0.7    -0.5     0.0     0.3     0.0 -999.000  171.0  180.2    1.992 -999.0000000 -999.0000000 -999.0 -999
 2018    2  218  778.06  -31.69  -31.46   99.6    0.33    9.53   154.7    27.4     2.9     2.2     3.2     2.8     2.1 -999.000  183.7  190.4    1.992 -999.0000000 -999.0000000 -999.0 -999
 2018    3  219  793.44  -35.49  -34.67   99.0    0.22    5.42   144.1    21.4     1.0    59.3    56.3    36.6    35.4 -999.000  178.2  177.8    1.945 -999.0000000 -999.0000000 -999.0 -999
 2018    4  220  790.41  -25.23  -25.31   99.9    0.57    6.18   159.0    32.1     4.4   162.8   155.1   146.9   100.2 -999.000  209.2  208.2    1.942 -999.0000000 -999.0000000 -999.0 -999
 2018    5  221  787.11  -18.41  -18.16   95.0    1.05    6.07   168.5     5.7    -2.9   308.9   311.6   262.7   254.4    0.804  190.6  237.0    1.885 -999.0000000 -999.0000000 -999.0   58
 2018    6  222  797.15   -8.97   -8.65   88.9    2.05    5.76   167.4     1.0   -13.8   352.7   360.7   308.4   302.3    0.827  230.4  275.1    1.807 -999.0000000 -999.0000000 -999.0  100
 2018    7  223  795.43   -7.83   -7.56   92.4    2.33    6.50   186.8    -0.9   -11.4   290.7   296.4   262.1   258.6    0.871  250.3  280.5    1.664 -999.0000000 -999.0000000 -999.0  100
 2018    8  224  796.15   -7.42   -7.18   95.3    2.65    6.32   178.0     2.5    -7.5   163.6   171.2   152.6   150.8    0.871  259.6  282.4    1.453 -999.0000000 -999.0000000 -999.0  100
 2018    9  225  793.83  -19.18  -19.07   97.3    1.03    5.02   156.2     8.6     0.4    71.2    76.6    69.2    68.3 -999.000  209.1  234.7    1.367 -999.0000000 -999.0000000 -999.0  100
 2018   10  226  788.58  -29.97  -30.00   98.0    0.37    5.07   136.9     3.7     0.3     6.0     8.5     8.2     7.2 -999.000  197.8  198.7    1.360 -999.0000000 -999.0000000 -999.0  100
 2018   11  227  791.55  -31.34  -31.31   97.9 -999.00    5.05   152.5  -999.0  -999.0    -1.0     0.0     0.5     0.0 -999.000  191.8 -999.0    1.343 -999.0000000 -999.0000000 -999.0   70
 2018   12  228  783.08  -33.09  -32.68   97.9    0.28    6.27   154.5     2.2    -0.1    -0.8     0.0     0.7     0.0 -999.000  187.3  188.9    1.287 -999.0000000 -999.0000000 -999.0 -999
 2019    1  229  784.50  -36.04  -35.04   97.2    0.21    5.07   142.5     2.8     0.0    -0.7     0.0     0.6     0.0 -999.000  178.2  179.3    1.160 -999.0000000 -999.0000000 -999.0 -999
 2019    2  230  784.57  -35.46  -35.16   97.4 -999.00    0.31  -999.0  -999.0  -999.0     2.6     2.7     1.6     1.5 -999.000  180.8 -999.0    1.158 -999.0000000 -999.0000000 -999.0    3
 2019    3  231  777.83  -39.13  -36.67   96.1 -999.00    5.35   139.6  -999.0  -999.0    20.0    24.6    12.4    12.9 -999.000  172.0 -999.0    1.148 -999.0000000 -999.0000000 -999.0 -999
 2019    4  232  791.66  -21.33  -21.49   99.0    0.90    6.77   170.5    17.8     3.2   157.6   161.4   107.2    88.3 -999.000  204.1  225.1    1.122 -999.0000000 -999.0000000 -999.0 -999
 2019    5  233  807.07  -11.78  -12.35   90.0    1.62    5.68   155.2    10.1    -5.4   298.8   318.0   261.2   255.8    0.782  206.5  260.9    1.747 -999.0000000 -999.0000000 -999.0   83
 2019    6  234  806.33   -7.94   -9.38   88.3    2.23    6.54   175.2     6.0   -13.8   358.5   357.7   302.7   299.3    0.838  232.1  278.3    2.389   77.1818219   61.1155677 1890.2  100
 2019    7  235  807.67   -4.23   -5.65   85.7    2.89    6.08   156.5    13.3   -15.3   331.1   336.0   277.8   276.8    0.828  235.7  291.9    2.332   77.1818195   61.1155800 1890.1  100
 2019    8  236  806.89   -7.77   -9.17   89.5    2.30    5.45   154.9     9.3    -7.3   195.2   203.6   163.5   162.8    0.799  236.9  278.0    2.334   77.1818182   61.1155910 1889.5  100
 2019    9  237  797.37  -15.20  -16.73   90.6    1.28    6.82   146.6    21.9    -0.5    74.8    82.0    70.4    70.3 -999.000  209.3  246.4    2.282   77.1818173   61.1156029 1889.2  100
 2019   10  238  795.76  -20.08  -21.66   97.6    1.08    5.89   179.6     8.4     0.9     9.7    11.2     9.1     9.5 -999.000  221.8  238.7    1.991   77.1818192   61.1156046 1889.1   86
 2019   11  239  788.50  -24.48  -26.10   98.4 -999.00    2.12  -999.0  -999.0  -999.0    -0.6     0.0     0.4     0.0 -999.000  210.2 -999.0    0.787   77.1818178   61.1156273 1887.5 -999
 2019   12  240  782.88  -33.44  -34.83   98.6    0.23    6.76   144.9    15.5     0.8    -0.9     0.0     0.4     0.0 -999.000  172.1  184.6    0.578   77.1818178   61.1156277 1887.3    6
 2020    1  241  773.83  -37.50  -38.01   98.5    0.16    7.50   142.5    15.0     0.7    -1.1     0.0     0.6     0.0 -999.000  155.4  173.1    1.048   77.1818137   61.1156264 1889.8 -999
 2020    2  242  774.89  -39.98  -39.10   98.4 -999.00    2.87   139.6  -999.0  -999.0     1.0     1.9     2.0     1.5 -999.000  167.1 -999.0    1.208   77.1818086   61.1156410 1887.7   10
 2020    3  243  783.03  -38.69  -37.82   97.9 -999.00    5.04   150.5  -999.0  -999.0    42.4    47.8    37.0    37.5 -999.000  151.1 -999.0    1.152   77.1818133   61.1156399 1889.3 -999
 2020    4  244  794.93  -21.33  -22.94   98.1    0.83    7.19   177.5    19.1     2.6   156.1   162.6   130.0   129.1 -999.000  192.7  223.2    1.746   77.1818090   61.1156747 1888.7 -999
 2020    5  245  797.12  -16.23  -17.60   91.0    1.18    5.74   161.8     8.4    -3.7   304.9   319.0   260.9   259.0    0.804  190.2  244.0    1.707   77.1818057   61.1156852 1889.7   61
 2020    6  246  802.48   -9.22  -10.46   86.9    2.02    5.66   149.4     8.5   -12.5   387.5   397.5   323.7   322.0    0.805  207.8  271.9    1.695   77.1818046   61.1156945 1889.9  100
 2020    7  247  803.32   -5.55   -6.84   86.1    2.62    5.92   147.2    10.5   -16.5   338.7   345.9   277.5   275.3    0.795  232.9  287.0    1.703   77.1818021   61.1157015 1889.6  100
 2020    8  248  798.80   -8.52  -10.01   93.1    2.29    6.86   177.0    10.4    -4.5   176.9   186.8   158.0   156.9    0.839  245.0  275.6    1.622   77.1818016   61.1157186 1888.8  100
 2020    9  249  792.36  -22.51  -23.94   95.5    0.72    5.32   136.4    11.7     0.0    51.1    72.0    64.2    64.2 -999.000  191.8  221.6    1.433   77.1817984   61.1157215 1888.1  100
 2020   10  250  794.43  -22.00  -23.49   98.5    0.91    5.33   148.2    14.5     2.8     4.9     9.8     9.5     8.8 -999.000  218.8  228.5    1.412   77.1818026   61.1157505 1887.9  100
 2020   11  251  779.04  -30.78  -32.03   99.1 -999.00    3.63  -999.0  -999.0  -999.0    -0.2     0.0     0.3     0.0 -999.000  194.4 -999.0    1.404   77.1818028   61.1157499 1885.2  100
 2020   12  252  788.18  -28.55  -29.91   98.9 -999.00    4.03  -999.0  -999.0  -999.0    -0.1     0.0     0.3     0.0 -999.000  201.0 -999.0    1.359   77.1817994   61.1157563 1886.0  100
 2021    1  253  792.53  -29.91  -30.78   99.0 -999.00    0.00  -999.0  -999.0  -999.0    -0.3     0.0     0.2     0.0 -999.000  196.5 -999.0    1.329   77.1817976   61.1157280 1883.3  100
 2021    2  254  786.76  -30.94  -31.93   98.9 -999.00    0.00  -999.0  -999.0  -999.0     0.6  -999.0     1.9  -999.0 -999.000 -999.0 -999.0    1.274   77.1817904   61.1157596 1885.6  100
 2021    3  255  781.88  -35.24  -35.88   99.2    0.20    0.14  -999.0     0.2     0.0    20.0    27.5    27.1    26.4 -999.000  180.9  178.5    1.199   77.1817891   61.1157720 1887.0  100
 2021    4  256  799.47  -24.45  -25.48   98.4    0.70    6.89   165.1    33.2     3.9    73.9   122.9   118.2   119.0 -999.000  193.5  212.6    1.099   77.1817892   61.1157980 1887.2  100
 2021    5  257  801.23  -13.44  -14.81   90.9    1.44    6.25   173.6     7.7    -6.3   296.4   305.8   249.3   246.8    0.803  210.2  255.5    1.046   77.1817865   61.1158119 1888.6  100
 2021    6  258  798.97   -8.52   -9.73   86.9    2.07    5.75   157.4     5.6   -16.5   381.1   389.2   312.9   310.7    0.797  216.4  275.5    0.954   77.1817926   61.1158591 1885.8  100
 2021    7  259  797.43   -6.96   -8.23   92.8    2.60    6.30   182.1     1.8   -10.9   290.9   298.6   254.2   253.0    0.841  250.9  284.1    0.801   77.1817975   61.1158827 1883.7  100
 2021    8  260 -999.00 -999.00 -999.00 -999.0 -999.00 -999.00  -999.0  -999.0  -999.0  -999.0  -999.0  -999.0  -999.0 -999.000 -999.0 -999.0 -999.000 -999.0000000 -999.0000000 -999.0  100
