 Year MonthOfYear MonthOfCentury AirPressure(hPa) AirTemperature(C) AirTemperatureHygroClip(C) RelativeHumidity(%) SpecificHumidity(g/kg) WindSpeed(m/s) WindDirection(d) SensibleHeatFlux(W/m2) LatentHeatFlux(W/m2) ShortwaveRadiationDown(W/m2) ShortwaveRadiationDown_Cor(W/m2) ShortwaveRadiationUp(W/m2) ShortwaveRadiationUp_Cor(W/m2) Albedo_theta<70d LongwaveRadiationDown(W/m2) LongwaveRadiationUp(W/m2) HeightSensorBoom(m) LatitudeGPS_HDOP<1(degN) LongitudeGPS_HDOP<1(degW) ElevationGPS_HDOP<1(m) FanOK(%)
 2016    5  197  723.34  -21.80  -22.28   88.8    0.74    5.00   242.4     8.5    -2.6   323.0   325.5   257.5   257.1    0.790  168.2  222.9    2.583 -999.0000000 -999.0000000 -999.0  100
 2016    6  198  728.30  -12.41  -12.80   88.8    1.70    5.15   250.0     6.0    -6.5   369.2   372.2   300.7   300.2    0.806  204.0  259.0    2.581 -999.0000000 -999.0000000 -999.0  100
 2016    7  199  734.05   -9.44   -9.70   90.8    2.18    4.12   264.5     3.1    -7.0   315.8   317.0   256.0   255.5    0.808  228.5  272.2    2.550   75.6245940   35.9749884 2663.3  100
 2016    8  200  728.28  -15.04  -15.57   94.2    1.47    4.77   262.9     9.0    -0.0   209.1   208.2   169.2   167.6    0.811  216.5  248.6    2.477   75.6246315   35.9748888 2662.5  100
 2016    9  201  719.51  -25.86  -26.62   98.7    0.57    4.15   246.6     9.3     1.0    90.9    96.4    75.4    70.5 -999.000  193.3  209.1    2.394   75.6246668   35.9747872 2661.2  100
 2016   10  202  719.76  -26.15  -27.05   99.9    0.58    6.53   200.8    19.4     3.2    21.7    18.4    14.7    12.9 -999.000  195.1  207.6    2.353   75.6246995   35.9746794 2661.1  100
 2016   11  203  713.86  -35.18  -34.62  100.0    0.28    5.41   235.5     7.6     0.9    -0.4     0.2     0.4     0.1 -999.000  177.0  181.5    2.196   75.6247287   35.9745739 2658.2  100
 2016   12  204  706.44  -40.13  -37.27  100.0    0.16    5.37   235.1     2.3     0.1    -0.4     0.0     0.3     0.0 -999.000  166.4  168.0    2.049   75.6247725   35.9744869 2661.4  100
 2017    1  205  704.08  -44.48  -38.98   99.9    0.11    6.50   239.0     1.9     0.1    -0.4     0.0     0.3     0.0 -999.000  150.8  156.2    2.045   75.6248027   35.9743979 2657.3  100
 2017    2  206  707.53  -37.41  -34.96  100.0    0.26    7.36   205.3     2.3     0.2     3.6     5.4     4.6     3.7 -999.000  173.0  178.3    2.050   75.6248448   35.9743177 2659.6  100
 2017    3  207  707.86  -40.50  -37.94   99.6    0.14    6.31   231.3    25.0     1.1    75.3    66.9    57.7    45.9 -999.000  133.5  162.1    2.042   75.6248777   35.9741879 2660.0  100
 2017    4  208  716.97  -35.66  -34.79   96.1    0.27    5.88   230.1    22.4     0.9   200.3   187.6   161.7   146.3    0.791  135.9  176.5    2.046   75.6249162   35.9740972 2660.4  100
 2017    5  209  728.42  -18.33  -18.87   90.1    1.08    5.88   237.9    15.5    -1.3   318.4   321.3   255.8   255.2    0.810  179.1  234.8    2.314   75.6249006   35.9742548 2662.1  100
 2017    6  210  726.27  -13.02  -13.58   91.1    1.64    4.49   239.1     1.6    -6.0   372.8   377.0   299.3   297.4    0.809  203.0  258.2    2.581   75.6248864   35.9744072 2662.8  100
 2017    7  211  726.37  -11.83  -13.04   92.9    1.89    4.66   236.9     5.3    -3.6   338.1   341.0   272.1   271.3    0.798  206.9  261.9    2.580   75.6249237   35.9743142 2662.1  100
 2017    8  212  725.38  -14.18  -15.60   96.2    1.64    5.04   261.3     9.7     1.2   197.3   198.1   165.4   163.9    0.828  222.5  252.2    2.511   75.6249589   35.9742176 2661.9  100
 2017    9  213  721.10  -21.77  -23.42   98.9    0.92    4.94   216.6    12.8     2.7    86.0    93.3    70.7    69.5 -999.000  206.8  224.0    2.430   75.6249946   35.9741152 2661.7  100
 2017   10  214  718.11  -27.18  -28.89   99.9    0.51    4.69   232.5     7.4     1.0    13.0    17.1    12.8    12.0 -999.000  200.9  206.2    2.327   75.6250301   35.9740167 2660.6  100
 2017   11  215  718.46  -37.33  -36.60  100.0    0.23    4.74   236.3     3.8     0.2    -0.2     0.2     0.3     0.1 -999.000  174.7  176.0    2.243   75.6250674   35.9739235 2659.7  100
 2017   12  216  712.88  -41.24  -38.09  100.0    0.17    4.58   242.3     1.8     0.1    -0.4     0.0     0.2     0.0 -999.000  165.0  165.4    2.205   75.6250989   35.9738270 2658.9  100
 2018    1  217  710.70  -42.84  -39.05  100.0 -999.00    5.03   231.5  -999.0  -999.0    -0.2     0.0     0.3     0.0 -999.000  160.7 -999.0    2.182   75.6251401   35.9737292 2659.7  100
 2018    2  218  708.07  -36.76  -36.48  100.0 -999.00    5.66   188.2  -999.0  -999.0     7.0     5.5     5.8     4.1 -999.000  173.3  178.9    2.143   75.6251705   35.9736418 2659.6  100
 2018    3  219  718.18  -38.26  -36.43   99.8    0.22    6.53   228.0    26.9     1.6    79.3    68.0    53.0    50.5 -999.000  144.8  169.1    2.090   75.6252117   35.9735234 2660.8  100
 2018    4  220  715.89  -32.80  -33.74   96.6    0.29    5.93   238.2    21.6     1.3   193.6   194.6   153.8   152.6    0.785  147.8  184.8    2.092   75.6252454   35.9734463 2659.6  100
 2018    5  221  712.97  -23.20  -24.41   93.1    0.71    4.62   230.8     8.1    -1.1   308.7   311.1   251.4   250.8    0.807  172.5  218.9    2.040   75.6252713   35.9733733 2661.2  100
 2018    6  222  722.27  -13.89  -14.88   91.4    1.57    4.04   271.0     1.2    -5.4   359.0   360.4   294.5   293.5    0.817  210.2  255.4    2.578   75.6251101   35.9737902 2662.5  100
 2018    7  223  722.71  -11.83  -12.93   92.4    1.86    4.06   254.5     3.2    -4.7   321.1   324.3   264.0   262.6    0.811  217.6  262.9    2.568   75.6251456   35.9736918 2662.3  100
 2018    8  224  723.96  -13.52  -14.89   94.7    1.81    4.07   265.6     5.2    -1.8   193.0   195.2   160.2   159.3    0.819  229.1  256.3    2.515   75.6251808   35.9735938 2661.6  100
 2018    9  225  720.01  -25.33  -26.86   98.7    0.69    4.30   251.8     8.5     1.0    84.2    89.4    78.5    72.7 -999.000  193.5  212.5    2.447   75.6252174   35.9734910 2661.1  100
 2018   10  226  712.80  -35.27  -35.34  100.0    0.28    4.42   253.4     7.5     0.6    16.5    17.1    15.4    13.5 -999.000  177.0  181.2    2.414   75.6252550   35.9734120 2659.5  100
 2018   11  227  719.05  -36.02  -35.23  100.0    0.28    6.32   233.7     6.8     0.7    -0.5     0.2     0.4     0.1 -999.000  175.9  180.0    2.361   75.6252920   35.9732833 2661.1  100
 2018   12  228  710.91  -42.00  -39.22  100.0    0.14    7.04   239.3     3.4     0.2    -0.4     0.0     0.2     0.0 -999.000  162.0  162.7    2.352   75.6253254   35.9731761 2661.9  100
 2019    1  229  710.64  -41.73  -38.55   99.7    0.16    6.38   238.6     1.1     0.1    -0.4     0.0     0.1     0.0 -999.000  158.5  164.4    2.346   75.6253601   35.9731068 2659.2  100
 2019    2  230  710.83  -42.34  -39.25  100.0    0.12    4.90   242.7     1.4     0.0     3.6     5.5     4.7     3.4 -999.000  161.5  161.9    2.319   75.6253961   35.9730210 2659.0  100
 2019    3  231  702.09  -44.41  -40.16   99.8    0.10    4.56   246.8     1.9     0.1    54.3    60.6    57.8    35.9 -999.000  157.0  156.4    2.217   75.6254385   35.9729160 2660.9  100
 2019    4  232  721.13  -25.60  -27.03   95.6    0.63    7.33   225.7    28.5     2.8   194.7   175.3   151.0   135.2    0.778  171.5  208.1    2.197   75.6254678   35.9728145 2661.0  100
 2019    5  233  732.22  -16.59  -17.87   92.1    1.22    5.14   259.3    10.5    -1.9   306.3   308.5   247.6   247.2    0.801  192.4  242.1    2.198   75.6255037   35.9727387 2662.2  100
 2019    6  234  732.01  -11.01  -12.16   90.3    1.97    4.56   249.6     2.5    -7.6   355.0   355.9   287.6   286.2    0.808  217.1  266.1    2.583   75.6253360   35.9735076 2662.5  100
 2019    7  235  734.87   -8.49   -9.68   91.3    2.42    4.53   250.8     3.8    -6.5   312.2   313.8   254.1   253.5    0.810  233.5  276.2    2.565   75.6253713   35.9734057 2662.4  100
 2019    8  236  731.00  -14.06  -15.42   95.9    1.61    4.35   271.9     3.3    -1.8   194.8   196.9   159.7   159.0    0.817  227.9  254.3    2.512   75.6254075   35.9733094 2661.8  100
 2019    9  237  723.17  -22.35  -23.95   97.7    0.81    4.80   253.2    12.4     1.8    87.0    81.0    71.5    71.0 -999.000  203.6  221.3    2.430   75.6254428   35.9732114 2660.8  100
 2019   10  238  722.57  -31.12  -32.67   99.3    0.37    6.06   234.0     9.1     1.0    18.1    17.2    16.1    15.7 -999.000  183.4  193.6    2.335   75.6254816   35.9731136 2660.5  100
 2019   11  239  716.71  -33.56  -34.78  100.0    0.29    7.25   221.6     5.3     0.5    -0.2     0.2     0.4     0.2 -999.000  183.7  186.9    2.315   75.6255160   35.9730206 2658.9  100
 2019   12  240  709.49  -42.68  -39.07  100.0    0.14    5.43   221.9     3.9     0.3    -0.6     0.0     0.3     0.0 -999.000  160.4  161.6    2.367   75.6255603   35.9729515 2661.1  100
 2020    1  241  700.77  -41.47  -39.27  100.0    0.14    6.52   207.1  -999.0  -999.0    -0.5     0.0     0.3     0.0 -999.000  161.8  165.7    2.612   75.6255852   35.9728433 2657.9  100
 2020    2  242  700.90  -48.01  -40.46   99.4    0.08    5.27   228.9  -999.0  -999.0     4.8     7.6     6.5     5.5 -999.000  145.6  147.4    2.643   75.6256291   35.9727080 2660.8  100
 2020    3  243  706.58  -44.98  -40.20   99.0    0.10    6.25   232.2     9.3     0.4    51.7    65.8    58.1    45.5 -999.000  154.6  153.6    2.246   75.6256584   35.9726144 2660.8  100
 2020    4  244  719.69  -28.44  -29.92   95.5    0.48    7.20   243.8    25.6     1.8   169.6   188.8   151.2   143.9 -999.000  160.8  198.6    2.184   75.6256888   35.9725225 2660.1  100
 2020    5  245  721.64  -23.12  -24.29   91.6    0.71    4.54   246.2     6.4    -2.1   325.4   328.5   258.2   257.9    0.787  165.8  219.6    2.181   75.6257291   35.9724494 2661.4  100
 2020    6  246  727.65  -13.03  -14.08   90.9    1.68    3.91   233.4     0.1    -6.3   354.4   356.4   290.8   289.7    0.817  213.5  259.3    2.099   75.6257664   35.9723567 2662.0  100
 2020    7  247  729.10   -9.28  -10.38   93.6    2.31    3.69   294.0    -2.1    -7.2   290.4   290.9   241.9   241.0    0.832  245.5  275.6    2.032   75.6258023   35.9722609 2662.0  100
 2020    8  248  725.68  -13.26  -14.75   95.7    1.82    5.47   254.9     8.9     0.5   196.9   197.0   163.4   162.0    0.828  228.5  256.6    1.920   75.6258365   35.9721604 2661.2  100
 2020    9  249  715.57  -30.60  -31.99   98.5    0.37    4.58   248.2    10.9     0.7    88.8    91.3    75.1    73.8 -999.000  176.3  194.1    1.878   75.6258719   35.9720585 2659.8  100
 2020   10  250  721.71  -28.23  -29.85   99.7    0.53    5.45   223.4    10.7     1.8    16.1    16.7    14.8    14.0 -999.000  195.9  203.0    1.832   75.6259095   35.9719588 2660.2  100
 2020   11  251  705.58  -38.40  -37.57  100.0    0.18    5.98   234.8  -999.0  -999.0    -0.3     0.1     0.3     0.1 -999.000  169.1  172.9    2.019   75.6259439   35.9718890 2656.9  100
 2020   12  252  714.75  -37.06  -37.59  100.0    0.20    5.56   231.5  -999.0  -999.0    -0.3     0.0     0.2     0.0 -999.000  174.2  176.5    1.976   75.6259803   35.9717648 2658.2  100
 2021    1  253  718.16  -40.51  -38.03   99.9    0.17    5.60   234.1  -999.0  -999.0    -0.6     0.0     0.3     0.0 -999.000  166.9  167.3    2.540   75.6260233   35.9716637 2661.1  100
 2021    2  254  714.31  -37.45  -36.34   99.9    0.22    5.44   206.7  -999.0  -999.0     2.8     5.6     5.6     4.9 -999.000  175.8  177.6 -999.000   75.6260544   35.9715419 2660.4  100
 2021    3  255  707.17  -37.60  -36.96   99.8    0.21    6.06   228.3  -999.0  -999.0    32.8    55.3    49.3    48.9 -999.000  176.5  174.5    2.204   75.6260848   35.9714643 2659.7  100
 2021    4  256  723.18  -32.63  -32.78   96.2    0.38    5.80   244.4    29.3     1.7   187.0   181.6   149.2   138.5    0.715  182.7  185.9    1.671   75.6261226   35.9713707 2660.8  100
 2021    5  257  727.36  -21.07  -22.38   88.3    0.84    5.20   237.2    15.6    -2.1   322.1   328.6   258.2   257.8    0.783  167.1  224.7    1.564   75.6261593   35.9712878 2661.7  100
 2021    6  258  723.43  -13.87  -14.91   88.8    1.47    4.87   282.2     1.7    -8.3   359.3   361.1   292.2   290.7    0.806  206.4  254.9    1.516   75.6261952   35.9712107 2662.6  100
 2021    7  259  724.74   -9.18  -10.45   91.9    2.36    5.09   235.3     4.8    -7.3   311.1   312.4   253.3   252.0    0.811  231.2  273.7    1.482   75.6262300   35.9711114 2662.6  100
 2021    8  260  726.78  -12.11 -999.00   93.4    1.85    4.56   239.5  -999.0  -999.0   225.9   217.7   174.3   166.3    0.765  229.6  261.6    1.434   75.6262649   35.9710054 2661.5  100
 2021    9  261  721.19  -28.26   12.09   89.1    0.44    4.51   251.0  -999.0  -999.0   114.8  -999.0    82.8  -999.0 -999.000  187.1  203.6    1.308   75.6263058   35.9708964 2664.0  100
 2021   10  262  720.78  -31.69    8.64   89.0    0.34    5.80   240.2  -999.0  -999.0    23.8  -999.0    15.7  -999.0 -999.000  178.0  191.8    1.291   75.6263350   35.9707930 2661.5  100
 2021   11  263  712.76  -40.81    3.40   84.6 -999.00    5.20   235.7  -999.0  -999.0    -0.7  -999.0     0.6  -999.0 -999.000  160.6  166.5    1.291   75.6263737   35.9707222 2661.1  100
 2021   12  264  714.69  -35.14    6.02   87.8 -999.00    5.62   226.0  -999.0  -999.0    -0.8  -999.0     0.4  -999.0 -999.000  177.9  183.1    1.300   75.6264166   35.9706166 2661.8  100
 2022    1  265 -999.00 -999.00 -999.00 -999.0 -999.00 -999.00  -999.0  -999.0  -999.0  -999.0  -999.0  -999.0  -999.0 -999.000 -999.0 -999.0 -999.000 -999.0000000 -999.0000000 -999.0  100
