 Year MonthOfYear MonthOfCentury AirPressure(hPa) AirTemperature(C) AirTemperatureHygroClip(C) RelativeHumidity(%) SpecificHumidity(g/kg) WindSpeed(m/s) WindDirection(d) SensibleHeatFlux(W/m2) LatentHeatFlux(W/m2) ShortwaveRadiationDown(W/m2) ShortwaveRadiationDown_Cor(W/m2) ShortwaveRadiationUp(W/m2) ShortwaveRadiationUp_Cor(W/m2) Albedo_theta<70d LongwaveRadiationDown(W/m2) LongwaveRadiationUp(W/m2) HeightSensorBoom(m) LatitudeGPS_HDOP<1(degN) LongitudeGPS_HDOP<1(degW) ElevationGPS_HDOP<1(m) FanOK(%)
 2009    4  112  795.41  -16.94  -18.01   87.1    1.13    6.40   137.9    21.5    -2.6   227.0   227.8   195.0   190.3    0.825  198.7  239.5    2.576   67.0001649   47.0169145 1841.9  100
 2009    5  113  798.26  -12.95  -13.95   83.4    1.47    6.62   130.6    23.2    -8.4   332.4   329.0   280.5   272.8    0.828  197.8  254.5    2.467   67.0001702   47.0170113 1843.5  100
 2009    6  114  809.62   -4.46   -5.34   83.1    2.80    5.87   151.5    14.4   -15.8   368.8   366.0   297.5   294.4    0.809  240.8  291.5    2.466   67.0001725   47.0171102 1844.8  100
 2009    7  115  812.32   -2.39   -3.28   84.6    3.34    4.71   136.3    14.8   -10.5   335.0   333.3   260.7   257.8    0.775  248.2  299.3    2.437   67.0001630   47.0172037 1846.3  100
 2009    8  116  806.12   -6.17   -7.21   86.9    2.55    5.43   134.6    18.8    -6.3   268.7   269.7   205.9   205.1    0.764  221.5  282.0    2.375   67.0001747   47.0173046 1844.4  100
 2009    9  117  796.04  -12.32  -13.42   92.6    1.74    5.64   152.9    14.5    -1.1   128.5   128.8   110.8   109.7    0.862  235.1  259.3    2.312   67.0001825   47.0174175 1842.0  100
 2009   10  118  800.15  -17.96  -19.13   94.8    1.07    6.83   140.1    24.1     2.6    46.2    45.1    44.0    44.0 -999.000  209.8  235.6    2.254   67.0001860   47.0175011 1841.4  100
 2009   11  119  791.72  -23.96  -25.17   95.4    0.65    7.46   134.2    33.7     3.5    10.8     9.4    10.2     8.9 -999.000  189.4  213.2    2.172 -999.0000000 -999.0000000 -999.0  100
 2009   12  120  801.90  -20.50  -21.74   86.1    0.89    9.92   126.3    48.1     2.5     0.5     1.0     1.4     0.9 -999.000  190.3  224.5    2.169 -999.0000000 -999.0000000 -999.0  100
 2010    1  121  794.68  -16.37  -17.62   89.2    1.17    8.93   141.8    40.5     3.1     4.0     3.7     4.4     3.2 -999.000  211.0  240.0    2.160 -999.0000000 -999.0000000 -999.0  100
 2010    2  122  804.13  -18.02  -19.23   91.4    1.06    8.40   136.6    32.9     2.6    32.3    32.6    29.3    27.9 -999.000  204.2  235.0    2.086 -999.0000000 -999.0000000 -999.0  100
 2010    3  123  798.07  -20.76  -21.93   86.9    0.81    8.10   141.1    42.7     1.0   117.3   116.5    97.5    95.1 -999.000  179.1  223.2    2.001 -999.0000000 -999.0000000 -999.0  100
 2010    4  124  803.63  -16.58  -17.61   88.8    1.11    5.88   145.1    20.7    -1.8   224.0   225.6   189.1   186.0    0.820  197.4  240.6    1.913 -999.0000000 -999.0000000 -999.0  100
 2010    5  125  810.52   -6.19   -6.77   84.3    2.62    6.32   149.3    19.5   -13.5   325.7   325.4   261.9   258.4    0.800  227.8  283.2    1.812   67.0002008   47.0182197 1843.4  100
 2010    6  126  807.77   -2.85   -3.00   83.7    3.18    6.14   147.1    15.1   -19.7   365.5   361.3   286.4   282.3    0.783  245.6  298.4    1.897   67.0002006   47.0183223 1842.8  100
 2010    7  127  806.78   -1.35   -1.35   86.8    3.71    4.23   147.6    11.1   -10.7   330.4   324.6   247.6   243.3    0.752  260.6  305.5    2.101   67.0001952   47.0183993 1845.6  100
 2010    8  128  809.81   -1.14   -1.33   89.4    3.86    5.28   155.0    14.4    -8.6   236.9   232.7   181.8   178.9    0.777  269.0  305.8    2.255   67.0001965   47.0184984 1845.6  100
 2010    9  129  802.42   -7.12   -7.45   91.3    2.50    6.47   133.4  -999.0  -999.0   130.7   129.9   108.4   108.2    0.837  245.1  279.3    2.143   67.0002051   47.0186012 1843.2  100
 2010   10  130  800.06  -14.25  -14.70   92.0    1.57    7.29   132.0  -999.0  -999.0    59.9    59.4    48.6    49.9 -999.000  215.5  249.5    2.152 -999.0000000 -999.0000000 -999.0  100
 2010   11  131 -999.00 -999.00 -999.00 -999.0 -999.00 -999.00  -999.0  -999.0  -999.0  -999.0  -999.0  -999.0  -999.0 -999.000 -999.0 -999.0 -999.000 -999.0000000 -999.0000000 -999.0  100
 2010   12  132  807.40  -14.99  -15.52   96.8 -999.00    7.75   156.0  -999.0  -999.0     0.2  -999.0     1.0  -999.0 -999.000  229.9  248.3    1.839 -999.0000000 -999.0000000 -999.0  100
 2011    1  133 -999.00 -999.00 -999.00 -999.0 -999.00 -999.00  -999.0  -999.0  -999.0  -999.0  -999.0  -999.0  -999.0 -999.000 -999.0 -999.0 -999.000 -999.0000000 -999.0000000 -999.0  100
 2011    2  134 -999.00 -999.00 -999.00 -999.0 -999.00 -999.00  -999.0  -999.0  -999.0  -999.0  -999.0  -999.0  -999.0 -999.000 -999.0 -999.0 -999.000 -999.0000000 -999.0000000 -999.0  100
 2011    3  135 -999.00 -999.00 -999.00 -999.0 -999.00 -999.00  -999.0  -999.0  -999.0  -999.0  -999.0  -999.0  -999.0 -999.000 -999.0 -999.0 -999.000 -999.0000000 -999.0000000 -999.0  100
 2011    4  136 -999.00 -999.00 -999.00 -999.0 -999.00 -999.00  -999.0  -999.0  -999.0  -999.0  -999.0  -999.0  -999.0 -999.000 -999.0 -999.0 -999.000 -999.0000000 -999.0000000 -999.0  100
 2011    5  137  805.10  -14.05  -14.12   87.2    1.29    5.43   144.6  -999.0  -999.0   338.3   318.7   275.1   265.9    0.828  200.6  252.6    1.345 -999.0000000 -999.0000000 -999.0  100
 2011    6  138  814.41   -3.84   -3.72   86.2    3.07    4.42   150.7  -999.0  -999.0   370.2   361.5   291.3   287.7    0.798  239.9  295.7    1.451 -999.0000000 -999.0000000 -999.0  100
 2011    7  139  808.44   -0.77   -0.79   86.0    3.83    6.14   140.9  -999.0  -999.0   325.2   317.1   246.3   243.2    0.772  260.3  306.8    1.763 -999.0000000 -999.0000000 -999.0  100
 2011    8  140  810.49   -3.93   -3.93   89.4    3.18    4.36   147.8  -999.0  -999.0   233.9   227.9   181.4   179.6    0.793  253.8  295.4    1.909 -999.0000000 -999.0000000 -999.0  100
 2011    9  141  796.90  -12.25  -12.53   91.1    1.73    6.25   140.9  -999.0  -999.0   142.9   134.7   116.2   112.6    0.829  218.7  259.5    1.878 -999.0000000 -999.0000000 -999.0  100
 2011   10  142  796.46  -19.38  -19.74   94.7 -999.00    5.09   131.8  -999.0  -999.0    54.0  -999.0    47.0  -999.0 -999.000  215.4  231.8    1.866 -999.0000000 -999.0000000 -999.0  100
 2011   11  143 -999.00 -999.00 -999.00 -999.0 -999.00 -999.00  -999.0  -999.0  -999.0  -999.0  -999.0  -999.0  -999.0 -999.000 -999.0 -999.0 -999.000 -999.0000000 -999.0000000 -999.0  100
 2011   12  144 -999.00 -999.00 -999.00 -999.0 -999.00 -999.00  -999.0  -999.0  -999.0  -999.0  -999.0  -999.0  -999.0 -999.000 -999.0 -999.0 -999.000 -999.0000000 -999.0000000 -999.0  100
 2012    1  145 -999.00 -999.00 -999.00 -999.0 -999.00 -999.00  -999.0  -999.0  -999.0  -999.0  -999.0  -999.0  -999.0 -999.000 -999.0 -999.0 -999.000 -999.0000000 -999.0000000 -999.0  100
 2012    2  146  788.60  -24.49  -24.71   94.9    0.72    7.71   135.3    31.6     3.0    31.2    35.5    30.8    28.0 -999.000  181.3  212.9    1.738 -999.0000000 -999.0000000 -999.0  100
 2012    3  147  789.12  -25.11  -25.00   93.9    0.83    7.06   136.4    24.4     1.1   106.6   106.6    92.4    88.9 -999.000  185.1  212.9    1.668 -999.0000000 -999.0000000 -999.0  100
 2012    4  148  801.67  -12.84  -13.04   91.8    1.75    6.79   158.0    15.6    -2.5   211.9   205.5   177.2   174.0    0.847  224.6  257.7    1.543 -999.0000000 -999.0000000 -999.0  100
 2012    5  149  808.96   -8.63   -9.33   85.1    2.13    5.38   150.9     9.8   -16.0   327.4   317.8   255.4   249.5    0.789  232.5  275.2    1.374 -999.0000000   47.2340660   14.0  100
 2012    6  150  814.75   -1.50   -2.10   84.7    3.57    4.17   138.1    10.7   -14.1   363.8   362.1   261.7   260.2    0.725  251.2  305.3    1.685 -999.0000000   47.2312080   13.9 -999
 2012    7  151  809.08   -0.63   -1.24   88.2    4.00    4.65   143.7    15.8    -5.2   312.9   311.5   211.0   209.6    0.682  266.3  308.6    2.190 -999.0000000   47.2289789   13.7 -999
 2012    8  152  808.47   -3.39   -4.05   91.7    3.43    4.88   144.4     9.0    -6.2   218.1   216.5   158.4   155.2    0.720  262.4  297.9    2.490 -999.0000000   47.2268509   13.6 -999
 2012    9  153  800.94   -9.47  -10.33   93.0    2.19    6.35   157.0     8.7    -4.3   123.4   119.6   104.8    99.8    0.837  247.4  272.2    2.233 -999.0000000   47.2222961   13.3 -999
 2012   10  154  804.82  -13.69  -14.65   96.0    1.70    6.91   150.2    14.1     0.1    49.7    46.5    42.7    37.9 -999.000  235.7  254.9    2.040 -999.0000000   47.2163828   13.0 -999
 2012   11  155  795.04  -21.46  -22.56   96.3    0.91    7.10   138.0    19.9     1.7     7.0     7.5     7.5     6.1 -999.000  206.7  225.3    1.816 -999.0000000   47.2096497   12.6 -999
 2012   12  156  796.58  -23.22  -24.28   94.3    0.76    8.68   132.2    30.4     1.5     0.4     1.0     1.4     0.8 -999.000  196.7  218.0    1.831 -999.0000000   47.2064811   12.4 -999
 2013    1  157  784.78  -21.81  -22.92   92.6    0.72   10.79   122.4    43.3     2.1     6.2     5.1     5.3     4.1 -999.000  185.0  220.8    1.781 -999.0000000   47.2060684   12.4 -999
 2013    2  158  792.95  -23.94  -24.99   93.7    0.59    8.35   138.7    33.0     2.3    39.8    35.5    31.9    28.0 -999.000  181.8  213.3    1.763 -999.0000000   47.2160942   13.0 -999
 2013    3  159  809.35  -20.35  -21.32   90.1    0.89    7.47   139.9    28.7     0.2   122.6   106.3    96.6    83.2 -999.000  188.0  227.0    1.713 -999.0000000   47.2309017   13.8 -999
 2013    4  160  801.86  -19.86  -20.67   85.4    0.80    6.95   143.2    19.9    -4.2   239.7   225.1   186.4   176.3    0.783  182.0  229.5    1.664 -999.0000000   47.2173675  141.5  100
 2013    5  161  802.78  -15.02  -14.75   85.7    1.26    5.72   165.0     6.4   -10.6   326.6   316.1   262.6   256.8    0.814  211.2  250.8    1.481   67.0003084   47.0218475 1840.5  100
 2013    6  162  803.26   -4.35   -3.86   80.6    2.70    5.46   141.4    12.6   -26.4   377.0   371.5   292.9   289.1    0.781  237.8  292.7    1.535   67.0003091   47.0219417 1841.5  100
 2013    7  163  805.96   -3.17   -2.70   83.0    3.15    4.95   142.6    12.2   -19.0   331.5   330.8   252.9   252.3    0.766  250.9  298.1    1.587   67.0003151   47.0220392 1841.4  100
 2013    8  164  801.30   -5.89   -5.75   86.9    2.68    5.28   156.5    11.4   -11.2   242.2   239.2   187.1   185.0    0.786  246.6  286.0    1.791   67.0003191   47.0221313 1840.8  100
 2013    9  165  799.72   -9.55   -9.71   92.7    2.11    5.98   157.9    14.8    -1.9   120.4   120.2   101.9   101.5    0.848  249.3  270.7    1.634   67.0003170   47.0222517 1839.9  100
 2013   10  166  800.07  -15.98  -16.25   93.6    1.34    5.62   138.5    23.1     2.1    43.2    45.7    43.5    43.4 -999.000  221.1  243.9    1.420   67.0003229   47.0223774 1839.4  100
 2013   11  167  790.69  -20.50  -20.89   97.2    0.96    7.49   158.2    21.8     3.5    11.0     9.3     8.9     8.3 -999.000  210.9  228.3    1.270 -999.0000000 -999.0000000 -999.0  100
 2013   12  168  783.60  -29.28  -29.47   98.6    0.41    6.90   123.7    23.8     2.6     0.1     0.9     1.2     0.8 -999.000  183.8  198.8    0.914 -999.0000000 -999.0000000 -999.0  100
 2014    1  169  787.37  -21.95  -22.37   95.3    0.73    9.64   125.0    35.5     4.0     4.0     4.2     4.1     3.1 -999.000  195.8  221.2    1.117 -999.0000000 -999.0000000 -999.0  100
 2014    2  170  786.48  -23.58  -23.93   92.5    0.64    9.01   122.7    43.5     2.8    35.4    32.0    28.2    22.4 -999.000  179.3  214.6    1.095 -999.0000000 -999.0000000 -999.0  100
 2014    3  171  786.86  -25.88  -26.04   91.5    0.55    7.14   134.9    28.8     0.8   119.9   109.0    92.1    81.9 -999.000  171.2  207.8    1.070 -999.0000000 -999.0000000 -999.0  100
 2014    4  172  796.42  -20.06  -20.02   89.7    0.95    6.79   149.0    18.4    -3.0   227.7   215.9   181.2   174.1    0.799  191.0  230.0    1.033 -999.0000000 -999.0000000 -999.0  100
 2014    5  173  805.64  -11.22  -10.90   85.7    1.67    5.43   153.9    11.0   -12.8   333.1   328.8   267.6   263.7    0.801  215.3  264.4    0.958   67.0003464   47.0230717 1842.1  100
 2014    6  174  809.30   -3.64   -3.21   81.8    2.94    6.01   150.5    13.4   -31.2   366.7   363.5   284.9   282.5    0.783  246.4  296.4    0.891   67.0003549   47.0231578 1842.3  100
 2014    7  175  808.61   -2.29   -1.78   83.0    3.30    3.89   137.4     9.5   -20.0   344.7   342.0   255.2   253.3    0.743  248.8  302.4    1.042   67.0003589   47.0232507 1841.1   93
 2014    8  176  810.61   -3.42   -2.87   83.0    3.10    5.40   153.9    17.3   -16.5   234.4   229.7   178.6   176.8    0.772  258.3  295.8    1.223   67.0003553   47.0233362 1839.2   96
 2014    9  177  796.14   -9.74   -9.38   91.6    2.04    7.23   151.5    19.1    -3.7   128.5   124.0    99.8   100.7    0.818  241.1  269.3    1.262   67.0003561   47.0234639 1837.5  100
 2014   10  178  801.12  -18.26  -17.96   94.9    1.06    5.57   136.3    22.6     2.0    52.9    51.9    43.2    40.9 -999.000  213.4  235.9    1.202   67.0003731   47.0235594 1838.3  100
 2014   11  179  791.09  -21.69  -21.46   93.3    0.83    8.21   136.2    37.5     3.5    11.7    11.4    10.0     9.0 -999.000  193.1  223.9    1.135   67.0003650   47.0236723 1832.4  100
 2014   12  180  788.92  -26.93  -26.70   99.8    0.56    6.33   151.8    14.2     2.4     0.1     0.9     1.0     0.7 -999.000  200.9  207.4    0.946   67.0003577   47.0237315 1839.1  100
 2015    1  181  783.18  -30.11  -29.83   99.8    0.39    6.81   144.9    21.7     2.6     4.4     3.9     4.3     3.2 -999.000  182.9  195.3    0.950 -999.0000000 -999.0000000 -999.0  100
 2015    2  182  784.48  -31.85  -30.83   99.3    0.40    6.22   145.8    22.7     2.5    39.7    33.7    31.3    28.0 -999.000  175.2  190.4    0.812   67.0003496   47.0239163 1834.1  100
 2015    3  183  782.08  -26.43  -25.97   97.7    0.54    6.75   133.1    24.5     3.0   119.9   106.4    91.6    84.0 -999.000  173.5  206.7    0.790   67.0003462   47.0239685 1834.3  100
 2015    4  184  795.13  -19.86  -19.10   93.3    0.87    5.77   168.6    15.6    -1.1   225.7   214.6   182.6   174.8    0.814  195.8  230.6    0.741   67.0003615   47.0242341 1838.6  100
 2015    5  185  799.33  -13.28  -12.76   83.4    1.34    7.21   145.7     6.2   -16.5   303.7   296.8   254.2   249.9    0.845  213.2  256.8    2.383   67.0003143   47.0241074 1849.6  100
 2015    6  186  808.33   -5.83   -5.19   78.1    2.36    5.44   142.5     5.8   -29.4   358.4   360.1   291.4   289.8    0.809  230.0  287.5    2.510   67.0003165   47.0241687 1849.4  100
 2015    7  187  814.98   -2.83   -2.23   79.5    2.97    3.98   130.6     4.0   -22.7   332.0   330.3   248.0   247.8    0.765  236.2  300.7    2.451   67.0003317   47.0242381 1847.1  100
 2015    8  188  807.14   -6.37   -6.00   83.2    2.49    5.26   155.6     4.3   -19.9   227.2   222.2   189.2   187.6    0.851  250.4  286.4    2.330   67.0003299   47.0243719 1846.3  100
 2015    9  189  799.38  -10.54  -10.39   88.9    1.91    6.01   138.7     8.9   -10.2   127.6   122.5   106.5   105.2    0.863  236.9  268.2    2.258   67.0003415   47.0244799 1846.1  100
 2015   10  190  793.59  -18.01  -18.03   92.6    1.19    7.45   141.7    15.3    -2.1    50.1    47.0    42.5    42.1 -999.000  211.0  238.3    2.159   67.0003431   47.0245874 1844.4  100
 2015   11  191  790.74  -26.88  -26.74   93.3    0.61    6.30   134.9    15.5    -0.4    13.9    10.2     9.4     8.9 -999.000  187.3  207.1    2.047   67.0003547   47.0246032 1838.8  100
 2015   12  192  783.22  -29.33  -29.15   95.2    0.40    6.80   120.2    16.6     0.5    -0.1     1.0     1.1     0.8 -999.000  174.1  198.2    1.948   67.0003547   47.0246032 1838.8  100
 2016    1  193  789.40  -22.28  -22.38   90.2    0.75   10.11   121.6    31.8    -2.9     4.0     4.1     3.5     3.3 -999.000  189.0  221.2    1.935   67.0003547   47.0246032 1838.8  100
 2016    2  194  789.71  -23.79  -23.84   92.4    0.65    9.81   131.3    25.7    -0.7    31.7    29.6    23.3    23.0 -999.000  180.6  215.9    1.938   67.0003547   47.0246032 1838.8  100
 2016    3  195  789.00  -20.53  -20.45   89.5    0.83    9.08   135.1    18.3    -4.4   104.9   101.3    84.6    83.1 -999.000  188.1  228.2    1.940   67.0003547   47.0246032 1838.8  100
 2016    4  196  806.11  -10.41  -10.21   81.5    1.76    9.37   144.1    17.5   -21.4   205.3   198.1   167.1   162.8    0.803  224.2  267.2    1.921   67.0003614   47.0250756 1841.2  100
 2016    5  197  804.91   -9.05   -8.54   81.0    2.02    5.65   158.3    -0.9   -23.8   301.0   294.3   242.5   241.3    0.827  227.6  276.1    1.851   67.0003658   47.0253206 1840.8  100
 2016    6  198  807.52   -2.19   -1.71   80.1    3.20    5.61   153.6     4.0   -36.7   322.7   318.6   256.4   254.0    0.804  265.8  305.5    1.964   67.0003732   47.0253965 1842.8  100
 2016    7  199  812.07   -2.13   -1.57   77.8    3.08    4.47   137.3     6.5   -28.2   330.3   327.0   239.8   238.8    0.733  238.7  303.4    2.108   67.0003799   47.0254837 1843.6  100
 2016    8  200  807.96   -3.61   -3.27   82.3    2.98    4.37   134.3     6.4   -19.4   237.6   231.4   173.2   172.4    0.752  244.6  296.8    2.321   67.0003834   47.0255928 1843.4  100
 2016    9  201  798.72  -12.74  -12.58   87.7    1.55    4.92   140.9     4.5    -9.4   131.1   125.4   108.2   106.6    0.853  228.1  259.8    2.244   67.0003818   47.0257338 1838.4  100
 2016   10  202  797.51  -16.58  -16.61   92.8    1.31    6.00   131.0    11.1    -5.1    44.4    44.4    38.3    39.8 -999.000  225.7  244.7    2.038   67.0003817   47.0258511 1838.0  100
 2016   11  203  795.24  -20.63  -20.73   97.7    0.92    6.31   144.8     1.8    -1.4     6.2     7.0     6.4     6.3 -999.000  216.2  231.1    1.917 -999.0000000 -999.0000000 -999.0  100
 2016   12  204  785.06  -25.65  -25.55   93.2    0.64    8.01   130.9    17.6    -1.4    -0.0     0.8     1.1     0.7 -999.000  184.6  211.8    1.934 -999.0000000 -999.0000000 -999.0  100
 2017    1  205  788.15  -24.76  -24.86   95.7    0.63    7.79   146.0     9.4    -0.5     4.1     3.9     3.8     3.4 -999.000  194.4  214.9    1.898 -999.0000000 -999.0000000 -999.0  100
 2017    2  206  785.68  -24.45  -24.26   91.6    0.69    8.12   135.2    23.6    -0.2    36.2    30.3    26.9    26.6 -999.000  181.5  214.3    1.822 -999.0000000 -999.0000000 -999.0  100
 2017    3  207  792.11  -23.92  -23.81   88.8    0.58    7.63   139.4    16.9    -2.5   110.2   103.2    88.5    88.2 -999.000  176.6  215.7    1.762 -999.0000000 -999.0000000 -999.0  100
 2017    4  208  798.87  -19.86  -19.54   86.0    0.84    6.43   144.3     6.2    -8.0   212.6   204.0   174.7   172.7    0.850  193.6  232.2    1.656 -999.0000000 -999.0000000 -999.0  100
 2017    5  209  809.90   -6.98   -6.17   80.5    2.28    6.20   145.4     6.7   -27.8   305.7   296.9   248.7   245.5    0.831  233.0  283.2    1.524   67.0004122   47.0265316 1841.6  100
 2017    6  210  805.56   -5.94   -4.91   78.1    2.29    4.66   139.9     0.0   -32.3   361.5   359.4   290.2   289.3    0.809  229.4  288.8    1.522   67.0004136   47.0266325 1841.7  100
 2017    7  211  803.48   -4.23   -3.41   80.7    2.77    6.27   146.3     8.4   -33.6   319.2   312.8   255.2   252.9    0.815  246.2  294.9    1.462   67.0004146   47.0267366 1841.1  100
 2017    8  212  806.43   -4.27   -3.61   87.1    2.99    4.80   156.8     0.3   -17.4   228.5   223.5   179.5   178.1    0.811  252.0  295.9    1.560   67.0004185   47.0268354 1841.5  100
 2017    9  213  799.62  -12.16  -11.79   88.4    1.75    5.96   137.2    11.8    -7.0   129.2   123.8   104.9   104.4    0.850  231.9  261.1    1.352   67.0004177   47.0269441 1839.7  100
 2017   10  214  797.61  -14.19  -14.03   91.2    1.52    7.54   142.4    16.6    -3.0    55.3    49.6    41.9    41.5 -999.000  222.8  252.3    1.305   67.0004245   47.0270533 1839.6  100
 2017   11  215  798.49  -21.98  -21.90   95.6    0.88    7.79   134.4    10.4    -0.5     6.9     8.1     7.2     6.8 -999.000  209.1  225.4    1.021   67.0004143   47.0271749 1838.7  100
 2017   12  216  794.26  -21.99  -21.93   95.5    0.75    7.54   140.8    12.1    -0.7    -0.1     0.9     1.0     0.8 -999.000  202.4  224.1    0.962   67.0004229   47.0272669 1845.9  100
 2018    1  217  788.73  -29.00  -28.84   93.1    0.40    8.07   128.0    15.5    -0.4     4.4     4.2     4.1     3.7 -999.000  172.4  199.7    0.959   67.0004219   47.0273916 1843.9  100
 2018    2  218  782.31  -29.37  -28.82   92.8    0.42    4.71  -999.0     6.5    -0.8    34.4    29.1    26.1    25.8 -999.000  174.0  199.4    0.948 -999.0000000 -999.0000000 -999.0  100
 2018    3  219  802.55  -24.06  -23.57   89.2    0.65    5.61   138.2    19.9    -1.2   105.3   102.5    89.4    89.1 -999.000  183.9  215.8    0.887   67.0004318   47.0275532 1841.3  100
 2018    4  220  797.82  -16.93  -16.33   86.0    1.02    6.78   139.8    10.5   -10.2   217.2   208.0   177.5   176.2    0.849  196.8  242.0    0.876   67.0004534   47.0276991 1846.9  100
 2018    5  221  792.87  -15.38  -14.58   82.7    1.21    6.82   136.5  -999.0  -999.0   312.0   305.3   259.6   258.0    0.848  201.6  249.9 -999.000   67.0004543   47.0278056 1848.1  100
 2018    6  222  803.04   -4.33   -3.46   81.0    2.73    6.09   149.9  -999.0  -999.0   332.9   328.6   275.8   273.8    0.840  253.5  296.0 -999.000   67.0004515   47.0278739 1845.3  100
 2018    7  223  804.02   -2.23   -1.43   86.1    3.45    4.60   170.0  -999.0  -999.0   291.5   285.4   234.6   232.1    0.822  271.7  306.0 -999.000   67.0004552   47.0279592 1843.5  100
 2018    8  224  803.71   -5.05   -4.54   85.7    2.81    5.42   148.4  -999.0  -999.0   221.0   217.5   177.0   175.8    0.813  252.6  292.6 -999.000   67.0004546   47.0280784 1840.3  100
 2018    9  225  800.04  -12.22  -12.84   88.4    1.61    7.47   138.9     9.6    -9.2   125.7   130.5   110.9   110.0    0.841  224.7  260.7    2.270   67.0004693   47.0281985 1831.4  100
 2018   10  226  794.45  -23.73  -24.39   92.6    0.65    6.74   135.3    11.8    -1.1    50.1    52.0    47.5    47.1 -999.000  184.9  217.2    2.256   67.0004702   47.0282956 1826.5  100
 2018   11  227  798.43  -20.05  -20.79   90.3    0.85    9.16   134.4    21.6    -1.5    11.3    10.7    10.3     9.7 -999.000  194.6  229.3    2.243   67.0004724   47.0284181 1832.0  100
 2018   12  228  792.47  -18.36  -19.11   91.5    1.00    7.26   138.1    18.4    -0.8    -0.3     0.9     1.1     0.8 -999.000  212.0  235.9    2.181 -999.0000000 -999.0000000 -999.0  100
 2019    1  229  792.23  -23.94  -24.69   95.9    0.65    8.54   145.8     9.4    -1.0     3.8     4.1     4.5     3.8 -999.000  193.0  217.5    2.020 -999.0000000 -999.0000000 -999.0  100
 2019    2  230  789.33  -22.20  -22.91   89.8    0.68   10.78   129.6    27.9    -2.1    30.6    29.7    27.5    27.2 -999.000  179.7  220.5    2.000   67.0004779   47.0287357 1826.6  100
 2019    3  231  786.27  -25.33  -25.88   90.6    0.54    8.09   146.1    13.5    -2.7   101.3    97.0    90.5    90.0 -999.000  175.1  211.8    1.944 -999.0000000 -999.0000000 -999.0  100
 2019    4  232  799.22  -13.49  -14.02   85.7    1.41   10.52   131.0    10.2   -16.5   205.6   186.0   175.1   175.0    0.937  211.2  255.9    1.947   67.0004863   47.0289057 1825.5  100
 2019    5  233  813.22   -7.02   -7.37   81.0    2.17    7.85   135.4     8.4   -31.6   322.5   292.1   259.4   260.5    0.898  215.6  281.8    2.004   67.0004899   47.0290328 1827.0  100
 2019    6  234  814.18   -2.42   -2.61   81.8    3.19    5.44   148.0     4.2   -29.6   351.9   335.1   274.0   274.4    0.827  253.2  303.6    2.117   67.0004934   47.0291150 1833.0  100
 2019    7  235  812.30   -1.31   -1.53   82.7    3.53    5.72   141.1     8.9   -26.2   337.6   320.3   238.5   237.3    0.744  253.6  307.7    2.273   67.0004971   47.0292047 1836.9  100
 2019    8  236  810.72   -5.88   -6.20   86.2    2.65    4.97   139.6     6.1   -15.5   313.7   247.9   189.5   169.2    0.686  239.8  288.0    2.283   67.0004987   47.0293111 1837.7  100
 2019    9  237  802.77  -10.13  -10.64   89.4    1.96    6.75   178.3    11.0    -9.0   126.8   116.2   112.5   110.0 -999.000  236.7  269.1    2.133   67.0004991   47.0294197 1829.2  100
 2019   10  238  804.83  -16.18  -16.82   86.2    1.19    7.50   169.8    19.3    -6.6    51.3    46.5    46.3    46.0 -999.000  210.8  243.9    2.194   67.0005053   47.0295253 1830.2  100
 2019   11  239  798.48  -17.12  -17.86   87.6    1.01    9.82   171.7    21.3    -5.0     7.7     7.9     8.0     7.8 -999.000  208.6  239.8    2.145 -999.0000000 -999.0000000 -999.0  100
 2019   12  240  790.31  -24.99  -25.73   94.7    0.56    8.20   175.7    12.9    -0.6    -0.1     0.9     1.4     0.9 -999.000  189.4  213.4    1.787   67.0005122   47.0297511 1826.7  100
 2020    1  241  780.34  -29.47  -29.97   94.3    0.37    7.60   180.3    10.5    -0.5     3.3     3.5     3.8     3.4 -999.000  176.0  198.7    1.957   67.0005129   47.0298270 1831.8  100
 2020    2  242  779.16  -28.97  -29.42   93.6    0.40    7.37   165.3    16.1    -0.2    32.8    30.7    30.1    29.8 -999.000  166.5  199.2    1.985   67.0005283   47.0299485 1820.3  100
 2020    3  243  791.12  -27.44  -27.51   91.3    0.55    7.19   187.5    12.4    -2.1   104.9    94.1    88.6    88.8 -999.000  173.4  205.7    1.958 -999.0000000 -999.0000000 -999.0  100
 2020    4  244  801.71  -17.49  -17.93   86.0    1.11    8.99   176.3    10.3   -11.5   212.0   194.9   178.1   179.0    0.919  195.7  240.9    1.927   67.0005251   47.0301577 1827.4  100
 2020    5  245  805.04   -9.49   -9.70   84.0    1.86    6.04   186.8     3.1   -21.1   322.6   310.4   267.3   266.2    0.861  217.5  272.6    1.918   67.0005236   47.0302640 1827.7  100
 2020    6  246  807.19   -4.21   -4.38   85.8    2.94    5.40   190.7    -1.9   -24.4   341.7   334.9   279.0   278.5    0.833  259.4  297.7    1.907   67.0005283   47.0303667 1830.5  100
 2020    7  247  809.20   -1.97   -2.16   86.9    3.53    4.73   208.7     0.5   -21.3   308.3   303.8   246.3   244.3    0.812  268.1  307.1    1.938   67.0005348   47.0304608 1833.9  100
 2020    8  248  805.53   -5.66   -5.93   86.6    2.68    5.44   186.3     2.5   -20.1   236.8   238.4   199.4   197.6    0.834  246.3  289.8    1.728   67.0005326   47.0305689 1831.0  100
 2020    9  249  798.47  -13.20  -13.83   95.1    1.67    6.08   147.4     1.3    -5.8   111.2   114.7   103.9   102.9 -999.000  240.9  259.5    1.575   67.0005328   47.0306615 1833.1  100
 2020   10  250  800.35  -14.12  -14.87   94.9    1.54    8.92   139.0    16.0    -1.4    44.1    47.7    42.1    41.8 -999.000  224.9  252.9    1.537   67.0005362   47.0307527 1836.4  100
 2020   11  251  789.01  -22.04  -22.86   98.0    0.77    7.73   141.0    12.6     0.7     6.8     7.8     7.8     6.8 -999.000  205.0  224.3    1.137 -999.0000000 -999.0000000 -999.0  100
 2020   12  252  799.11  -20.78  -21.63   97.0    0.86    9.35   140.5    16.5     1.2    -0.3     0.9     1.2     0.8 -999.000  203.9  228.0    1.181 -999.0000000 -999.0000000 -999.0  100
 2021    1  253  800.94  -21.61  -22.45   94.6    0.76    8.53   137.5    26.1     1.2     3.8     4.7     5.3     4.1 -999.000  191.3  223.6    1.250   67.0005420   47.0310882 1837.1  100
 2021    2  254  793.01  -24.54  -25.25   95.1    0.63    9.21   127.4    24.9     0.7    33.4    32.0    29.3    28.0 -999.000  178.5  214.1    1.332   67.0005457   47.0312030 1840.8  100
 2021    3  255  792.01  -22.70  -23.08   94.3    0.83    9.12   141.7  -999.0  -999.0   103.9   104.3    93.3    92.4 -999.000  183.1  221.9    1.287   67.0005548   47.0313034 1838.9  100
 2021    4  256  810.82  -14.83  -15.42   92.3    1.49    6.59   156.9     5.3    -8.7   200.4   200.5   176.8   175.4    0.877  217.8  252.6    0.994   67.0005461   47.0314213 1839.8  100
 2021    5  257  807.87  -12.01  -12.40   85.6    1.56    7.51   128.3     2.4   -18.0   320.2   319.8   270.2   267.7    0.837  204.5  262.5    0.988   67.0005344   47.0315462 1839.8   83
 2021    6  258  804.53   -5.38   -5.67   89.4    2.84    4.92   156.6    -3.5   -21.2   339.9   334.3   283.8   281.1    0.847  251.6  292.8    1.046   67.0005468   47.0316017 1841.2  100
 2021    7  259  807.62   -2.59   -2.89   90.3    3.56    5.28   154.9     5.2   -16.2   305.0   304.9   250.2   246.1    0.816  263.2  303.4    1.010   67.0005652   47.0316986 1837.6  100
 2021    8  260  807.87   -1.91 -999.00   89.8    3.70    5.95   150.0  -999.0  -999.0   212.4   212.9   169.0   165.2    0.792  268.2  304.8    1.694   67.0005713   47.0317917 1838.8  100
 2021    9  261  801.56  -16.46 -999.00   90.8    1.26    5.38   122.9  -999.0  -999.0   138.7   140.5   119.9   118.5    0.833  206.2  244.2    2.323   67.0005892   47.0319042 1839.5  100
 2021   10  262  805.01  -17.69 -999.00   88.1    1.06    6.23   119.6  -999.0  -999.0    56.8  -999.0    46.2  -999.0 -999.000  211.1  238.4    2.245   67.0005933   47.0319988 1838.3  100
 2021   11  263  796.80  -20.92 -999.00   96.9 -999.00    5.94   152.6  -999.0  -999.0     9.4  -999.0     8.6  -999.0 -999.000  211.3  229.3    2.069   67.0005958   47.0321106 1838.9  100
 2021   12  264  792.44  -20.73   18.98   89.7 -999.00   10.37   118.3  -999.0  -999.0    -0.7  -999.0     1.2  -999.0 -999.000  189.0  225.9    1.897   67.0006001   47.0321758 1832.5  100
 2022    1  265 -999.00 -999.00 -999.00 -999.0 -999.00 -999.00  -999.0  -999.0  -999.0  -999.0  -999.0  -999.0  -999.0 -999.000 -999.0 -999.0 -999.000 -999.0000000 -999.0000000 -999.0  100
