 Year MonthOfYear MonthOfCentury AirPressure(hPa) AirTemperature(C) AirTemperatureHygroClip(C) RelativeHumidity(%) SpecificHumidity(g/kg) WindSpeed(m/s) WindDirection(d) SensibleHeatFlux(W/m2) LatentHeatFlux(W/m2) ShortwaveRadiationDown(W/m2) ShortwaveRadiationDown_Cor(W/m2) ShortwaveRadiationUp(W/m2) ShortwaveRadiationUp_Cor(W/m2) Albedo_theta<70d LongwaveRadiationDown(W/m2) LongwaveRadiationUp(W/m2) HeightSensorBoom(m) LatitudeGPS_HDOP<1(degN) LongitudeGPS_HDOP<1(degW) ElevationGPS_HDOP<1(m) FanOK(%)
 2008    9  105  857.66   -7.33   -7.88   88.0    2.31    5.25   158.8    12.7    -7.3   116.4   125.4    96.4    96.0 -999.000  250.2  279.4    2.472   67.0657421   48.8165119 1269.1  100
 2008   10  106  856.71  -13.62  -14.24   90.8    1.52    6.12   162.3    10.3    -5.0    41.1    49.8    38.3    37.6 -999.000  235.0  255.2    2.250   67.0657531   48.8167040 1269.3  100
 2008   11  107  856.85  -13.59  -14.26   92.9    1.49    6.54   167.4     8.7    -4.2     6.6     8.3     6.9     6.2 -999.000  236.1  255.5    1.974 -999.0000000 -999.0000000 -999.0  100
 2008   12  108  848.60  -20.14  -20.82   92.7    0.87    8.13   145.8    12.8    -3.9     0.1     1.0     1.0     0.7 -999.000  202.4  230.7    1.725 -999.0000000 -999.0000000 -999.0  100
 2009    1  109  845.43  -18.51  -19.19   83.3    0.91    8.96   128.0    27.7    -9.4     3.0     4.4     3.7     3.4 -999.000  193.6  234.8    1.721 -999.0000000 -999.0000000 -999.0  100
 2009    2  110  856.85  -19.42  -20.09   82.4    0.79    9.10   137.9    24.1   -11.3    32.3    36.4    28.0    27.6 -999.000  185.0  231.3    1.835 -999.0000000 -999.0000000 -999.0  100
 2009    3  111  856.77  -23.62  -24.19   82.5    0.52    6.74   141.7    16.7    -5.4   107.6   116.9    92.7    90.3 -999.000  166.2  216.3    1.794 -999.0000000 -999.0000000 -999.0  100
 2009    4  112  857.80  -14.24  -14.71   82.5    1.20    5.76   136.0    -5.1   -18.4   213.2   217.5   177.0   173.0    0.795  212.4  256.4    1.604 -999.0000000 -999.0000000 -999.0  100
 2009    5  113  859.20   -9.29   -9.72   78.4    1.76    6.32   140.8   -10.5   -35.1   328.2   330.7   261.2   255.9    0.777  213.6  277.0    1.617   67.0657996   48.8180521 1271.0  100
 2009    6  114  869.75   -0.78   -1.15   79.8    3.30    5.61   155.8    11.7   -29.6   355.6   357.5   264.6   261.4    0.736  253.1  310.1    1.950   67.0658204   48.8182371 1271.0  100
 2009    7  115  872.24    0.37    0.08   80.8    3.63    4.28   142.8    16.9   -14.1   317.7   321.7   211.9   209.9    0.656  254.6  312.9    2.347   67.0658329   48.8184504 1270.4  100
 2009    8  116  865.77   -1.43   -1.89   80.9    3.20    4.74   136.6    12.0   -19.9   239.8   252.0   163.5   162.6    0.652  240.0  304.7    2.434   67.0658531   48.8187062 1270.0  100
 2009    9  117  856.80   -8.42   -8.95   86.8    2.08    5.28   151.7     3.5   -14.6   118.8   123.0    98.2    95.6 -999.000  246.6  277.5    2.310   67.0658549   48.8188937 1269.9  100
 2009   10  118  861.91  -13.87  -14.48   88.2    1.31    6.63   140.9     8.2    -8.7    43.5    48.4    41.2    41.0 -999.000  221.9  254.3    2.207   67.0658731   48.8190748 1271.1  100
 2009   11  119  853.81  -20.79  -21.40   87.7    0.72    6.15   137.1    18.2    -2.7     9.2     9.4     9.5     7.9 -999.000  193.2  226.1    2.103 -999.0000000 -999.0000000 -999.0  100
 2009   12  120  863.14  -14.81  -15.47   76.0    1.15    8.61   132.1    22.0   -16.2     0.1     0.9     1.3     0.7 -999.000  205.6  248.3    2.119 -999.0000000 -999.0000000 -999.0  100
 2010    1  121  855.44  -13.13  -13.77   82.1    1.34    7.03   142.2    13.8   -14.9     2.6     3.4     3.4     2.8 -999.000  225.6  256.6    2.070 -999.0000000 -999.0000000 -999.0  100
 2010    2  122  865.71  -13.67  -14.28   82.0    1.21    7.01   139.7    15.6   -12.9    28.0    31.3    26.9    25.9 -999.000  216.5  253.4    2.058 -999.0000000 -999.0000000 -999.0  100
 2010    3  123  859.26  -16.28  -16.85   81.9    1.05    7.00   140.6    15.2   -10.8   105.8   114.8    92.1    91.4 -999.000  192.7  243.9    1.936 -999.0000000 -999.0000000 -999.0  100
 2010    4  124  865.00  -12.52  -12.98   83.2    1.38    5.77   146.7   -11.1   -22.0   216.2   224.7   178.4   176.0    0.786  212.3  263.5    1.900 -999.0000000 -999.0000000 -999.0  100
 2010    5  125  870.57   -2.48   -2.91   80.3    3.04    6.14   147.2     9.7   -28.7   311.0   315.1   237.5   234.1    0.751  246.8  305.0    2.036   67.0659436   48.8204449 1272.7  100
 2010    6  126  867.32    0.24   -0.16   84.8    3.80    5.22   142.0    14.9   -17.7   327.4   330.6   192.2   190.6    0.570  264.3  315.7    2.376   67.0659588   48.8206531 1273.8  100
 2010    7  127  866.22    0.75    0.40   88.2    4.10    3.38   140.1    10.6    -5.3   279.9   290.4   130.0   129.3    0.439  271.9  317.7    2.344   67.0659707   48.8209664 1270.7  100
 2010    8  128  869.21    1.14    0.75   89.7    4.26    3.89   142.3    13.5    -2.7   178.6   196.9    76.2    71.6    0.359  282.8  318.7    2.466   67.0659906   48.8212252 1268.6  100
 2010    9  129  862.54   -2.94   -3.33   87.6    3.09    5.09   122.5  -999.0  -999.0   101.0   113.4    79.2    75.9 -999.000  267.5  300.5 -999.000   67.0660006   48.8213986 1267.5  100
 2010   10  130  860.35   -9.64  -10.08   84.8    1.87    5.82   119.7  -999.0  -999.0    33.1    45.5    45.9    38.7 -999.000  230.0  271.1 -999.000   67.0660121   48.8215387 1266.4  100
 2010   11  131  863.68  -11.97  -12.47   88.3    1.61    8.48   128.4    13.0   -11.9     5.7     8.8    11.8     7.4 -999.000  227.3  261.8    2.172 -999.0000000 -999.0000000 -999.0  100
 2010   12  132  868.75  -11.05  -11.54   92.5    1.81    7.67   138.8     3.9    -7.3     0.2     0.9     1.0     0.7 -999.000  240.0  266.9    1.859 -999.0000000 -999.0000000 -999.0  100
 2011    1  133  858.83  -20.25  -20.72   89.5    0.82    7.63   122.9    14.3    -4.5     3.6     4.0     7.6     3.4 -999.000  191.7  229.6    1.800 -999.0000000 -999.0000000 -999.0  100
 2011    2  134  841.29  -20.89  -21.34   92.5    0.77    6.49   120.8    15.1    -1.0    23.0    30.6    28.5    25.8 -999.000  196.0  226.4    1.804 -999.0000000 -999.0000000 -999.0   92
 2011    3  135  855.00  -22.96  -23.33   95.4    0.82    6.44   141.6    15.8    -0.1    94.3   107.2    94.3    90.6 -999.000  185.8  220.5    1.800 -999.0000000 -999.0000000 -999.0  100
 2011    4  136  846.06  -24.01  -24.30   88.0    0.53    4.23   132.4     9.7    -2.6   199.4   231.6   190.3   185.3    0.804  162.0  215.6    1.777 -999.0000000 -999.0000000 -999.0  100
 2011    5  137  866.74   -9.82  -10.10   86.4    1.73    4.62   136.4     4.1   -13.3   293.8   325.9   259.4   259.3    0.802  221.2  270.9    1.751   67.0660818   48.8228353 1269.1  100
 2011    6  138  874.55   -0.78   -1.06   86.9    3.63    4.06   132.5  -999.0  -999.0   339.0   352.9   228.8   228.5    0.643  254.3  309.2 -999.000   67.0660987   48.8230437 1269.7  100
 2011    7  139  867.25    1.26    0.95   87.0    4.18    4.72   121.8  -999.0  -999.0   285.6   283.1   125.9   125.4    0.436  272.1  316.3 -999.000   67.0661230   48.8233035 1276.5  100
 2011    8  140  870.26   -0.29   -0.57   89.5    3.86    3.13   118.6  -999.0  -999.0   218.4   210.9    86.7    85.4    0.411  268.2  311.8 -999.000   67.0661385   48.8235416 1276.1  100
 2011    9  141  856.84   -7.12   -7.49   86.4    2.32    4.82   117.5  -999.0  -999.0   141.4   131.1    94.3    93.8    0.725  234.3  279.8    2.534   67.0661512   48.8237146 1276.2  100
 2011   10  142  858.78  -15.51  -15.91   90.1    1.19    4.72   112.6    16.0    -1.9    52.7    49.4    38.6    38.1 -999.000  217.0  245.2    2.387   67.0661676   48.8238575 1277.9  100
 2011   11  143  849.93  -20.13  -20.54   90.0    0.90    5.49   104.8    18.9    -4.8    12.0     9.7     8.0     7.6 -999.000  196.3  228.4    2.326 -999.0000000 -999.0000000 -999.0  100
 2011   12  144  845.64  -23.19  -23.58   96.3    0.62    7.36   113.0    15.8     0.6    -0.1     0.9     1.1     0.7 -999.000  191.2  218.4    2.249 -999.0000000 -999.0000000 -999.0  100
 2012    1  145  847.23  -21.55  -21.97   92.6    0.74    8.40   107.0    23.8    -0.2     4.6     3.9     3.8     3.1 -999.000  191.2  223.6    2.253 -999.0000000 -999.0000000 -999.0  100
 2012    2  146  850.18  -20.47  -20.72   88.8    0.89    7.26   112.8    28.5    -3.0    38.2    31.4    25.5    25.2 -999.000  189.4  227.1    2.193 -999.0000000 -999.0000000 -999.0  100
 2012    3  147  851.63  -22.35  -22.66   91.2    0.95    6.36   109.5    18.4    -3.8   112.9    99.1    80.4    79.7 -999.000  189.0  223.0    2.140 -999.0000000 -999.0000000 -999.0  100
 2012    4  148  862.62   -9.64  -10.02   90.7    2.07    6.03   123.4     5.5    -8.7   207.1   196.2   155.0   154.9    0.796  239.9  272.7    2.101   67.0662606   48.8249108 1279.3  100
 2012    5  149  869.54   -4.74   -5.03   84.5    2.64    5.21   116.9    15.8   -12.9   315.0   307.1   242.7   240.9    0.792  247.9  290.0    1.957   67.0662815   48.8249090 1279.5  100
 2012    6  150  874.58    0.85    0.70   84.6    3.93    4.14   109.5    18.9    -6.1   323.3   322.6   182.4   182.2    0.566  266.5  312.3    2.428   67.0662815   48.8249090 1279.5  100
 2012    7  151  868.27    1.22    1.03   88.3    4.24    3.80    99.8    19.9     2.8   270.7   269.6   101.5   101.4    0.368  279.0  314.0    2.598   67.0662815   48.8249090 1279.5  100
 2012    8  152  868.25   -0.04   -0.30   89.8    3.95    4.19    89.5    16.3    -1.8   187.9   185.2    84.7    83.8    0.442  275.2  309.4    2.594   67.0662815   48.8249090 1279.5  100
 2012    9  153  861.06   -4.72   -5.14   90.5    2.88    6.06    96.7    19.9    -2.6   110.6   111.5    90.9    90.5    0.822  262.9  289.4    2.405   67.0662815   48.8249090 1279.5  100
 2012   10  154  865.81   -9.71  -10.19   93.5    2.11    6.91    89.9    24.0     0.7    43.6    41.4    38.9    38.7 -999.000  244.9  268.6    2.231   67.0662815   48.8249090 1279.5  100
 2012   11  155  856.38  -17.30  -17.84   93.0    1.16    7.36    83.0    28.9     2.9     6.0     7.1     7.0     6.7 -999.000  212.4  238.8    2.172   67.0662815   48.8249090 1279.5  100
 2012   12  156  858.10  -18.58  -19.15   89.4    1.00    7.60    81.4    40.3     0.9     0.1     0.8     1.2     0.8 -999.000  194.6  231.2    2.205   67.0662815   48.8249090 1279.5  100
 2013    1  157  845.19  -18.06  -18.63   87.7    0.91    9.31    66.9    47.4     0.2     2.9     4.0     4.2     3.9 -999.000  189.7  232.3    2.176   67.0662815   48.8249090 1279.5  100
 2013    2  158  854.88  -21.61  -22.10   91.4    0.71    6.83    85.0    35.9     2.7    29.6    28.5    28.2    27.9 -999.000  183.1  219.5    2.233   67.0662815   48.8249090 1279.5  100
 2013    3  159  871.40  -15.99  -16.48   87.1    1.16    7.05    86.1    41.0     1.8   108.3   100.7    94.5    94.3 -999.000  196.1  240.0    2.151   67.0662815   48.8249090 1279.5  100
 2013    4  160  863.59  -15.22  -15.39   84.3    1.11    6.62    86.5    27.6    -4.0   218.6   212.7   181.2   180.9    0.854  196.7  245.1    2.112   67.0662841   48.8249989 1279.1  100
 2013    5  161  864.88  -12.02   -8.51   47.8    1.08    5.21   100.5     9.9   -28.9   309.6   305.2   258.3   256.3    0.845  219.8  261.3    1.978   67.0663538   48.8274609 1268.3  100
 2013    6  162  863.01   -1.23   -1.32   78.6    3.25    5.29    85.5    19.7   -20.3   361.6   356.8   264.1   263.1    0.738  248.5  304.1    2.209   67.0663633   48.8276367 1269.5  100
 2013    7  163  865.54   -0.32   -0.48   84.3    3.66    4.20    83.8    16.1    -8.7   290.5   288.6   171.7   171.0    0.568  263.5  308.0    2.489   67.0663497   48.8278430 1263.9  100
 2013    8  164  861.29   -2.90   -3.00   86.6    3.16    4.63    90.7    12.7    -7.1   223.4   222.2   142.1   140.5    0.651  255.2  297.5    2.530   67.0663918   48.8281206 1268.2  100
 2013    9  165  859.92   -5.96   -6.15   90.4    2.58    6.25    92.1    18.1    -4.1   121.0   120.2   104.3   102.2    0.849  260.7  284.9    2.397   67.0664087   48.8283151 1268.0  100
 2013   10  166  860.93  -11.81  -10.27   78.7    1.58    6.31    80.1    29.2    -2.4    48.1    49.7    44.9    44.5 -999.000  227.8  258.3    2.168   67.0664240   48.8284863 1267.3  100
 2013   11  167  851.82  -17.19  -10.89   54.6    0.93    7.00    93.4    27.0    -5.9     9.3     9.7     9.0     8.3 -999.000  219.1  238.4    2.129 -999.0000000 -999.0000000 -999.0  100
 2013   12  168 -999.00 -999.00 -999.00 -999.0 -999.00 -999.00  -999.0  -999.0  -999.0  -999.0  -999.0  -999.0  -999.0 -999.000 -999.0 -999.0 -999.000 -999.0000000 -999.0000000 -999.0   28
 2014    1  169 -999.00 -999.00 -999.00 -999.0 -999.00 -999.00  -999.0  -999.0  -999.0  -999.0  -999.0  -999.0  -999.0 -999.000 -999.0 -999.0 -999.000 -999.0000000 -999.0000000 -999.0  100
 2014    2  170 -999.00 -999.00 -999.00 -999.0 -999.00 -999.00  -999.0  -999.0  -999.0  -999.0  -999.0  -999.0  -999.0 -999.000 -999.0 -999.0 -999.000 -999.0000000 -999.0000000 -999.0  100
 2014    3  171 -999.00 -999.00 -999.00 -999.0 -999.00 -999.00  -999.0  -999.0  -999.0  -999.0  -999.0  -999.0  -999.0 -999.000 -999.0 -999.0    2.085 -999.0000000 -999.0000000 -999.0  100
 2014    4  172 -999.00 -999.00 -999.00 -999.0 -999.00 -999.00  -999.0  -999.0  -999.0  -999.0  -999.0  -999.0  -999.0 -999.000 -999.0 -999.0 -999.000 -999.0000000 -999.0000000 -999.0  100
 2014    5  173 -999.00 -999.00 -999.00 -999.0 -999.00 -999.00  -999.0  -999.0  -999.0  -999.0  -999.0  -999.0  -999.0 -999.000 -999.0 -999.0 -999.000 -999.0000000 -999.0000000 -999.0 -999
 2014    6  174 -999.00 -999.00 -999.00 -999.0 -999.00 -999.00  -999.0  -999.0  -999.0  -999.0  -999.0  -999.0  -999.0 -999.000 -999.0 -999.0 -999.000 -999.0000000 -999.0000000 -999.0 -999
 2014    7  175 -999.00 -999.00 -999.00 -999.0 -999.00 -999.00  -999.0  -999.0  -999.0  -999.0  -999.0  -999.0  -999.0 -999.000 -999.0 -999.0 -999.000 -999.0000000 -999.0000000 -999.0 -999
 2014    8  176  869.65   -0.20   -0.36   87.2    3.79    4.90   144.2    15.9    -7.1   193.9   180.6    75.7    75.5    0.407  272.0  309.1    2.603   67.0665457   48.8304014 1271.3  100
 2014    9  177  855.71   -5.99   -6.05   88.9    2.58    6.09   148.3    15.6    -6.3   115.5   104.9    83.6    83.4    0.806  254.6  284.8    2.531   67.0665610   48.8306055 1270.7  100
 2014   10  178  862.34  -13.59  -12.82   86.3    1.39    5.62   139.7    27.3    -0.4    44.7    48.5    39.6    39.2 -999.000  224.9  251.5    2.312   67.0665712   48.8307731 1270.5  100
 2014   11  179  851.87  -17.76  -13.79   68.6    0.91    7.65   133.3    40.9    -2.5     9.8    11.2     9.7     9.1 -999.000  197.7  233.8    2.301   67.0665781   48.8309579 1270.1  100
 2014   12  180  851.02  -22.14  -12.94   56.1    0.64    7.29   142.9    23.0    -3.3     0.2     0.8     1.0     0.7 -999.000  208.6  221.8    2.186   67.0665961   48.8311277 1269.8  100
 2015    1  181  845.95  -26.10  -11.88   33.7    0.30    6.94   138.7    30.5    -6.7     4.0     3.4     3.9     2.9 -999.000  183.0  206.3    2.155   67.0666073   48.8312934 1270.3  100
 2015    2  182  847.51  -27.65  -10.88   33.2    0.36    7.15   141.8    36.0    -6.5    39.7    35.4    31.4    30.6 -999.000  176.2  201.1    2.028   67.0666194   48.8314463 1272.8    7
 2015    3  183  844.22  -23.32  -13.22   47.0    0.51    7.44   133.5    35.4    -5.2   113.0   101.0    91.2    91.0 -999.000  177.4  214.8    1.967 -999.0000000 -999.0000000 -999.0   41
 2015    4  184  857.12  -18.00  -15.69   78.6    0.90    6.00   159.7    18.8    -3.0   217.6   200.2   177.5   176.7    0.887  200.9  236.3    1.915   67.0666428   48.8317975 1271.4  100
 2015    5  185  860.20   -9.69   -9.42   82.9    1.76    6.48   146.2    16.6   -12.8   311.8   294.3   253.2   252.5    0.870  228.0  269.4    1.823   67.0666560   48.8319805 1271.6  100
 2015    6  186  867.93   -2.46   -2.43   81.3    3.00    4.71   141.3    16.3   -17.7   373.5   366.0   285.7   287.8    0.805  243.0  299.7    1.841   67.0666703   48.8321635 1271.8  100
 2015    7  187  874.38   -0.12   -0.15   83.8    3.61    3.84   135.4    14.4    -9.5   326.3   316.6   192.4   194.3    0.611  251.3  308.9    2.387   67.0666850   48.8323923 1271.6  100
 2015    8  188  867.04   -2.70   -2.81   86.6    3.17    4.77   146.3    12.8   -10.1   216.5   203.7   153.6   154.1    0.765  262.1  299.0    2.431   67.0667043   48.8326467 1270.6  100
 2015    9  189  859.92   -6.41   -6.73   86.6    2.39    4.74   127.7    13.5    -9.1   113.1   121.2    79.0    77.6 -999.000  248.3  283.3    2.548   67.0667211   48.8328516 1270.8  100
 2015   10  190  855.25  -14.65  -14.98   91.3    1.41    6.51   136.8    26.0     0.4    44.3    51.9    44.6    41.3 -999.000  223.9  248.5    2.362   67.0667352   48.8330379 1270.9  100
 2015   11  191  854.20  -23.54  -23.85   91.0    0.70    5.18   134.0    25.1     0.7     8.3     9.8    11.7     7.9 -999.000  193.2  215.1    2.179   67.0667449   48.8332440 1269.6  100
 2015   12  192  846.60  -27.38  -27.56   90.9    0.45    5.51   123.4    28.0     0.7    -0.2     1.0     1.3     0.8 -999.000  177.9  201.3    2.131   67.0667588   48.8334206 1268.8  100
 2016    1  193  851.09  -18.38  -18.73   85.5    0.93    8.17   117.6    44.4    -2.4     2.9     4.2     4.2     3.5 -999.000  197.3  232.6    2.124 -999.0000000 -999.0000000 -999.0  100
 2016    2  194  851.34  -19.11  -19.42   85.0    0.84    9.22   125.7    50.1    -1.3    26.4    30.6    26.8    25.5 -999.000  191.9  229.0    2.146   67.0667881   48.8338131 1270.1  100
 2016    3  195  850.35  -16.05  -16.25   85.6    1.11    7.87   131.7    36.3    -2.6    92.1   100.5    84.4    84.0 -999.000  203.1  241.5    2.187   67.0667978   48.8339999 1271.0  100
 2016    4  196  866.21   -7.22   -7.29   82.3    2.16    8.32   135.5    35.9   -13.8   189.5   192.7   158.3   155.9    0.811  237.0  277.1    2.171   67.0668162   48.8341866 1271.2  100
 2016    5  197  864.93   -5.33   -5.18   85.5    2.60    5.49   147.7    10.0   -14.1   294.2   295.8   236.7   234.6    0.799  246.9  288.5    2.177   67.0668290   48.8343758 1271.5  100
 2016    6  198  866.82   -0.26   -0.09   84.6    3.65    4.45   134.9    14.8   -12.3   315.7   313.9   176.5   174.7    0.546  271.2  309.7    2.455   67.0668456   48.8345918 1271.9  100
 2016    7  199  871.39    0.05    0.22   85.6    3.75    3.58   122.3    11.5    -8.2   324.3   324.3   129.1   129.0    0.392  252.1  310.6    2.556   67.0668668   48.8348945 1271.1  100
 2016    8  200  867.43   -0.82   -0.72   87.8    3.63    3.10   117.4     6.8    -7.5   224.5   223.1    84.7    84.1    0.368  257.5  307.9    2.541   67.0668843   48.8351502 1269.7  100
 2016    9  201  859.72   -8.13   -8.16   88.0    2.10    4.39   120.9    13.1    -5.0   127.3   126.3    96.6    95.1    0.770  244.8  275.1    2.532   67.0668980   48.8353238 1268.7  100
 2016   10  202  859.35  -13.29  -13.41   91.0    1.53    5.41   113.6    22.4    -3.1    46.6    46.2    40.2    40.1 -999.000  238.1  253.9    2.405   67.0669098   48.8354896 1268.5  100
 2016   11  203  857.09  -16.24  -16.43   94.6    1.22    6.59   123.7    21.7     1.3     7.7     7.8     7.2     6.7 -999.000  225.4  243.5    2.155   67.0669237   48.8356641 1267.8  100
 2016   12  204  847.35  -21.54  -21.74   90.9    0.82    7.15   114.4    33.0    -0.5    -0.0     0.9     1.2     0.8 -999.000  197.9  223.0    2.115   67.0669381   48.8358480 1268.3  100
 2017    1  205  850.52  -21.45  -21.66   95.0    0.80    7.68   122.3    26.6     1.9     4.1     3.9     4.4     3.3 -999.000  202.2  224.0    2.043   67.0669511   48.8360322 1268.0  100
 2017    2  206  847.62  -21.73  -21.71   88.6    0.80    7.10   116.5    38.5     0.3    34.5    34.6    29.8    29.0 -999.000  189.7  220.9    1.977   67.0669635   48.8361927 1269.6  100
 2017    3  207  854.11  -19.94  -19.97   87.1    0.78    7.08   120.9    33.3    -1.4   111.4   108.3    91.5    89.9 -999.000  192.2  227.2    1.899   67.0669702   48.8363524 1268.0  100
 2017    4  208  861.08  -16.91  -16.75   87.7    1.06    6.13   125.5    20.1    -5.1   217.1   213.4   178.4   176.2    0.824  200.7  240.4    1.824   67.0669842   48.8365353 1268.1  100
 2017    5  209  869.92   -4.23   -3.79   84.1    2.70    4.89   125.3     9.0   -21.2   300.3   299.9   235.7   235.0    0.787  250.0  294.8    1.811   67.0669984   48.8367246 1268.8  100
 2017    6  210  865.32   -2.13   -1.60   82.1    3.06    4.27   120.3     5.6   -22.9   363.1   360.7   268.1   265.8    0.741  248.5  303.6    1.974   67.0670122   48.8369082 1269.4  100
 2017    7  211  862.66   -1.44   -1.00   82.3    3.26    5.62   125.3    15.1   -22.1   322.8   319.9   225.8   223.5    0.702  254.5  304.6    2.217   67.0670259   48.8371078 1269.0  100
 2017    8  212  865.71   -1.55   -1.29   89.2    3.51    4.64   130.4     7.5    -9.2   210.9   216.2   123.8   122.2    0.567  259.8  305.3    2.386   67.0670453   48.8373581 1268.9  100
 2017    9  213  859.59   -7.63   -7.57   86.0    2.18    5.92   119.2    15.2    -9.5   119.4   126.1    93.8    92.7 -999.000  242.5  278.0    2.430   67.0670623   48.8375686 1268.7  100
 2017   10  214  857.67  -10.92  -10.94   88.2    1.75    6.95   124.6    24.7    -2.5    44.1    49.0    40.0    39.5 -999.000  228.4  262.4    2.462   67.0670789   48.8377666 1268.7  100
 2017   11  215  859.75  -17.20  -17.32   90.9    1.14    7.84   113.5    31.4    -2.1     8.3     8.0     9.2     6.4 -999.000  212.3  238.5    2.252   67.0670890   48.8379713 1268.4   93
 2017   12  216  855.06  -16.45  -16.58   91.3    1.08    8.66   115.7    26.6    -1.2     0.1     1.0     1.0     0.7 -999.000  218.4  241.8    2.213   67.0671101   48.8381507 1269.1   67
 2018    1  217  850.88  -23.84  -24.02   89.6    0.57    8.33   101.0    37.3     0.3     3.2     3.8     4.4     2.9 -999.000  182.4  213.3    2.123   67.0671272   48.8383606 1269.2  100
 2018    2  218  845.51  -26.89  -27.04   93.7    0.47    7.04   107.5    27.8     1.2    29.4    31.6    27.3    23.7 -999.000  181.7  204.1    2.043 -999.0000000 -999.0000000 -999.0  100
 2018    3  219  865.38  -20.50  -20.44   89.5    0.84    5.84   118.3    27.4    -1.3   103.0   109.6    92.1    81.2 -999.000  195.2  226.4    2.005   67.0671518   48.8387319 1268.1  100
 2018    4  220  858.46  -13.49  -13.24   86.7    1.29    6.52   120.2    20.7    -6.1   214.1   221.5   179.5   171.4    0.766  206.7  252.6    1.968   67.0671656   48.8389271 1268.5  100
 2018    5  221  853.40  -11.74  -11.33   83.2    1.51    6.27   115.4     8.4   -17.2   306.4   312.7   257.2   251.3    0.805  219.7  263.0    1.895   67.0671804   48.8391197 1268.8  100
 2018    6  222  861.62   -1.73   -1.09   82.8    3.18    5.63   124.0     9.2   -28.0   330.3   338.2   247.7   245.6    0.731  262.3  306.1    2.143   67.0671942   48.8393212 1269.2  100
 2018    7  223  862.51   -0.74   -0.24   87.9    3.67    4.18   128.4     6.5   -11.2   269.1   271.2   163.5   161.0    0.581  278.5  310.1    2.435   67.0672112   48.8395516 1268.9  100
 2018    8  224  862.18   -1.80   -1.50   86.2    3.34    5.39   125.4    10.4   -14.9   201.8   205.8   118.5   117.2    0.578  266.8  303.8    2.527   67.0672323   48.8398213 1268.6  100
 2018    9  225  859.80   -7.68   -7.87   85.2    2.06    6.74   138.4    26.0    -6.5   121.1   130.8   108.7   108.1 -999.000  241.4  274.4    2.364   67.0672485   48.8400248 1267.1  100
 2018   10  226  856.51  -18.68  -18.89   87.8    0.92    6.63   136.4    30.4     0.9    43.7    53.5    45.7    45.3 -999.000  201.0  231.2    2.333   67.0672617   48.8402117 1266.8  100
 2018   11  227  859.48  -17.92  -18.21   86.9    0.93    7.33   135.6    43.5     0.5     7.6    11.6    11.0     9.8 -999.000  198.7  232.6    2.271   67.0672803   48.8403929 1267.6  100
 2018   12  228  852.77  -14.90  -15.22   88.1    1.24    6.35   137.7    34.4     1.2     0.1     0.9     1.1     0.7 -999.000  222.2  245.4    2.217 -999.0000000 -999.0000000 -999.0  100
 2019    1  229  854.20  -21.13  -21.40   91.7    0.78    7.23   141.4    30.7     0.9     3.4     3.8     4.6     3.2 -999.000  204.9  224.1    2.032 -999.0000000 -999.0000000 -999.0  100
 2019    2  230  849.99  -17.84  -18.10   82.1    0.85    9.20   128.0    55.0    -1.5    24.1    33.2    27.7    28.0 -999.000  190.0  231.9    2.067   67.0673225   48.8409651 1266.3  100
 2019    3  231  848.45  -22.29  -22.38   87.8    0.70    6.77   139.0    28.1    -1.5    91.4   102.1    86.0    85.4 -999.000  187.7  220.2    2.060   67.0673333   48.8411298 1265.4  100
 2019    4  232  859.09  -10.50  -10.61   82.7    1.69    8.53   128.1    34.6   -11.0   194.0   177.4   165.0   166.8    0.929  224.6  263.9    1.939   67.0673484   48.8413511 1266.9  100
 2019    5  233  872.28   -2.69   -2.63   76.8    2.73    6.34   131.4    31.2   -26.3   317.4   288.4   243.8   244.7    0.859  231.1  295.9    2.033   67.0673647   48.8415592 1268.0  100
 2019    6  234  873.04    0.07    0.09   84.0    3.68    4.13   140.0    16.4   -13.0   321.4   310.5   183.4   185.7    0.599  264.8  310.2    2.327   67.0673791   48.8417776 1268.4  100
 2019    7  235  870.43    0.80    0.74   84.2    3.91    4.31   139.2    19.4    -7.2   304.1   287.6   131.5   132.6    0.454  260.3  311.2    2.488   67.0673998   48.8420757 1267.7  100
 2019    8  236  869.98   -2.01   -2.13   85.2    3.26    3.88   139.6    12.0    -9.1   231.5   204.6   110.2   110.9    0.564  247.9  300.9    2.582   67.0674195   48.8423227 1266.2  100
 2019    9  237  862.17   -6.85   -7.32   86.7    2.30    5.82   169.3    27.6    -2.5   116.5   107.5    98.6    98.5 -999.000  240.8  277.8    2.502   67.0674348   48.8425049 1266.9  100
 2019   10  238  865.20  -11.99  -12.61   85.3    1.52    6.70   165.0    39.1    -0.6    47.5    46.2    45.6    45.3 -999.000  217.5  254.9    2.454   67.0674480   48.8426605 1267.0  100
 2019   11  239  858.49  -12.77  -13.50   85.9    1.36    8.68   160.2    42.9     0.3     6.6     6.9     7.1     6.8 -999.000  217.6  252.2    2.468 -999.0000000 -999.0000000 -999.0  100
 2019   12  240  851.65  -21.23  -21.94   92.9    0.73    7.27   167.3    38.9     3.7    -0.1     0.9     1.4     0.9 -999.000  196.6  221.0    2.480   67.0674788   48.8430085 1267.0  100
 2020    1  241  843.06  -25.70  -26.35   94.7    0.49    6.37   173.9    29.8     2.0     3.2     3.5     4.1     3.5 -999.000  188.7  207.3    2.443   67.0674923   48.8431976 1266.6  100
 2020    2  242  841.82  -25.89  -26.42   91.9    0.47    5.83   163.9    34.8     1.5    29.7    29.2    29.3    29.0 -999.000  176.0  204.9    2.361   67.0675032   48.8433739 1267.1  100
 2020    3  243  853.90  -23.31  -23.58   92.2    0.74    7.33   176.7    31.2     2.1   100.4    90.9    88.3    88.1 -999.000  185.0  216.5    2.332 -999.0000000 -999.0000000 -999.0  100
 2020    4  244  862.40  -13.48  -13.83   84.9    1.40    8.02   164.6    31.8    -4.4   208.2   190.6   173.7   174.9 -999.000  205.0  250.8    2.217   67.0675278   48.8437438 1268.0  100
 2020    5  245  864.43   -5.69   -5.75   83.5    2.39    5.07   170.4    15.4   -15.2   317.9   299.2   247.4   247.9    0.835  230.0  285.5    2.189   67.0675402   48.8439291 1268.5  100
 2020    6  246  866.24   -1.38   -1.40   87.3    3.48    4.34   174.3     9.9   -10.2   326.5   316.8   240.2   241.4    0.786  268.0  305.6    2.356   67.0675548   48.8441168 1268.8  100
 2020    7  247  867.69    0.45    0.22   90.7    4.12    4.04   174.0    13.7    -0.4   267.8   264.3   141.3   141.4    0.535  278.0  312.2    2.517   67.0675747   48.8443699 1268.6  100
 2020    8  248  864.24   -1.71   -1.96   89.6    3.49    4.17   168.2    12.7    -3.9   212.9   212.2   146.6   146.1    0.689  263.2  302.7    2.522   67.0675959   48.8446254 1267.8  100
 2020    9  249  858.63   -8.81   -9.30   93.2    2.19    5.43   165.1    14.3    -0.3   111.8   116.9    97.3    96.6 -999.000  251.6  273.3    2.444   67.0676159   48.8448145 1265.8  100
 2020   10  250  860.15  -10.62  -11.24   91.8    1.92    7.57   162.8    29.8     3.0    37.8    43.6    36.9    37.4 -999.000  236.4  263.9    2.402   67.0676328   48.8449840 1265.5  100
 2020   11  251  850.08  -18.21  -18.89   95.3    0.98    7.21   167.3    27.6     4.2     7.2     8.4     7.7     7.2 -999.000  212.4  234.1    2.368 -999.0000000 -999.0000000 -999.0  100
 2020   12  252  859.76  -15.58  -16.28   94.7    1.25    8.25   163.6    36.3     6.7     0.2     0.9     0.9     0.7 -999.000  218.5  244.1    2.221 -999.0000000 -999.0000000 -999.0  100
 2021    1  253  861.89  -17.91  -18.57   90.1    0.94    7.58   160.1    44.7     3.9     3.0     5.2     5.1     4.4 -999.000  200.2  232.9    2.083   67.0676818   48.8455706 1266.7  100
 2021    2  254  854.40  -21.65  -22.24   90.4    0.71    7.92   155.8    46.1     2.0    28.6  -999.0    29.4  -999.0 -999.000  187.1  218.9    2.047   67.0676894   48.8457356 1264.7  100
 2021    3  255  853.21  -18.95  -19.33   90.3    0.99    8.04   163.9    34.9     1.4    98.0  -999.0    87.8  -999.0 -999.000  193.4  230.6    2.055   67.0677059   48.8459235 1266.9  100
 2021    4  256  871.92  -11.26  -11.59   89.7    1.82    6.43   173.5    23.4    -3.6   199.3  -999.0   171.1  -999.0 -999.000  231.0  262.8    1.826   67.0677226   48.8461178 1266.5  100
 2021    5  257  867.95   -7.77   -7.92   83.5    2.00    6.83   154.4    23.1   -14.7   311.6  -999.0   253.9  -999.0 -999.000  223.4  275.8    1.745   67.0677338   48.8463186 1267.0  100
 2021    6  258  863.25   -1.62   -1.61   86.0    3.38    4.82   172.0    14.2   -12.3   329.3  -999.0   256.6  -999.0 -999.000  265.1  304.4    1.949   67.0677499   48.8465146 1267.7  100
 2021    7  259  865.53    0.00   -0.18   86.7    3.84    5.62   170.1    23.5    -4.6   294.2  -999.0   181.7  -999.0 -999.000  268.6  308.8    2.319   67.0677649   48.8467198 1267.1  100
 2021    8  260  865.72    0.23   -0.17   90.3    4.07    5.43   159.1  -999.0  -999.0   181.9  -999.0    90.4  -999.0 -999.000  278.6  309.0    2.562   67.0677876   48.8470013 1266.5  100
 2021    9  261  862.92  -12.14  -12.58   90.6    1.64    4.31   139.8  -999.0  -999.0   129.6  -999.0   108.1  -999.0 -999.000  221.6  258.1    2.462   67.0678126   48.8471940 1266.4  100
 2021   10  262  865.88  -13.05  -13.64   87.6    1.40    6.34   139.0  -999.0  -999.0    47.9  -999.0    45.1  -999.0 -999.000  222.1  252.3    2.480   67.0678303   48.8473721 1266.5  100
 2021   11  263  858.60  -17.91  -18.57   96.0 -999.00    6.41   151.3  -999.0  -999.0     8.6  -999.0     8.1  -999.0 -999.000  222.3  237.2    2.322   67.0678437   48.8475552 1266.1  100
 2021   12  264  852.23  -16.12  -16.81   86.4 -999.00   10.84   131.1  -999.0  -999.0    -0.0  -999.0     1.1  -999.0 -999.000  205.1  239.8    2.024   67.0678515   48.8477392 1264.0  100
 2022    1  265 -999.00 -999.00 -999.00 -999.0 -999.00 -999.00  -999.0  -999.0  -999.0  -999.0  -999.0  -999.0  -999.0 -999.000 -999.0 -999.0 -999.000 -999.0000000 -999.0000000 -999.0  100
