 Year MonthOfYear MonthOfCentury AirPressure(hPa) AirTemperature(C) AirTemperatureHygroClip(C) RelativeHumidity(%) SpecificHumidity(g/kg) WindSpeed(m/s) WindDirection(d) SensibleHeatFlux(W/m2) LatentHeatFlux(W/m2) ShortwaveRadiationDown(W/m2) ShortwaveRadiationDown_Cor(W/m2) ShortwaveRadiationUp(W/m2) ShortwaveRadiationUp_Cor(W/m2) Albedo_theta<70d LongwaveRadiationDown(W/m2) LongwaveRadiationUp(W/m2) HeightSensorBoom(m) LatitudeGPS_HDOP<1(degN) LongitudeGPS_HDOP<1(degW) ElevationGPS_HDOP<1(m) FanOK(%)
 2008    9  105  923.94   -2.63   -2.89   81.7    2.84    3.30   133.6    14.1    -6.3   110.7   106.6    85.3    84.8    0.786  268.3  296.8    2.549   67.0973034   49.9319199  676.7  100
 2008   10  106  924.23   -8.84   -9.23   82.3    1.82    4.50   135.9    21.7    -4.7    46.0    42.4    37.5    36.6 -999.000  244.6  269.9    2.548   67.0972873   49.9320661  675.8  100
 2008   11  107  924.73  -10.81  -11.25   88.5    1.61    4.05   133.5    17.5    -1.5     6.4     6.0     6.3     4.9 -999.000  240.0  262.7    2.597 -999.0000000 -999.0000000 -999.0  100
 2008   12  108  916.81  -15.44  -15.87   83.5    1.08    5.79   140.1    30.8    -6.7     0.0     1.0     1.2     0.7 -999.000  216.2  243.9    2.578 -999.0000000 -999.0000000 -999.0  100
 2009    1  109  912.95  -13.50  -13.96   74.0    1.11    5.36   129.9    41.1    -8.9     3.4     3.9     3.5     2.7 -999.000  206.1  247.7    2.541 -999.0000000 -999.0000000 -999.0  100
 2009    2  110  924.86  -13.59  -14.00   68.9    0.98    6.28   138.9    49.0   -18.1    41.8    35.1    26.4    22.7 -999.000  195.4  247.2    2.524 -999.0000000 -999.0000000 -999.0  100
 2009    3  111  926.64  -18.86  -19.15   75.8    0.65    4.22   130.0    17.6    -5.6   123.5   113.3    77.3    73.8 -999.000  177.3  232.3    2.557 -999.0000000 -999.0000000 -999.0  100
 2009    4  112  925.85  -11.03  -11.18   79.2    1.35    4.26   110.8     2.9   -14.6   210.5   202.7   132.5   131.9    0.654  218.5  267.1    2.539 -999.0000000 -999.0000000 -999.0  100
 2009    5  113  925.56   -3.82   -3.98   70.3    2.23    4.87   130.7    15.6   -31.5   310.5   301.7   186.9   185.9    0.620  230.2  294.1    2.530   67.0971667   49.9333390  678.2  100
 2009    6  114  935.08    2.51    2.43   75.2    3.67    3.74   119.0    29.8    -9.3   304.8   301.8   173.3   172.6    0.575  275.7  316.1    2.509   67.0971355   49.9336359  678.7  100
 2009    7  115  937.25    3.35    3.26   75.5    3.90    3.49    94.8    33.8    -1.4   306.4   301.6   161.1   160.5    0.535  271.2  317.1    2.493   67.0971010   49.9339591  678.0  100
 2009    8  116  930.53    2.88    2.72   74.1    3.73    3.56    95.3    27.9    -9.5   242.0   232.4   127.1   126.8    0.550  261.7  315.8    2.465   67.0970778   49.9341822  677.5  100
 2009    9  117  923.14   -3.38   -3.61   81.0    2.64    3.25   108.5    15.0    -9.3   111.3   106.7    82.9    82.4    0.791  261.9  294.2    2.344   67.0970631   49.9343431  677.8  100
 2009   10  118  929.73   -8.48   -8.83   79.9    1.72    4.05   111.7    22.9    -9.4    49.6    45.7    40.2    41.0 -999.000  237.4  270.7    2.356   67.0970524   49.9344939  677.6  100
 2009   11  119  922.89  -16.41  -16.84   86.1    0.90    2.79    96.5    13.6    -1.9     9.5     8.1     8.9     7.1 -999.000  210.5  239.7    2.389 -999.0000000 -999.0000000 -999.0  100
 2009   12  120  930.62   -9.64  -10.07   66.9    1.35    5.49   109.5    51.3   -19.3     0.2     0.8     1.4     0.6 -999.000  218.2  262.0    2.415 -999.0000000 -999.0000000 -999.0  100
 2010    1  121  923.23  -11.68  -12.10   82.8    1.46    3.72    98.0    25.7    -8.2     2.5     2.3     3.0     1.9 -999.000  239.1  258.6    2.433 -999.0000000 -999.0000000 -999.0  100
 2010    2  122  933.66  -10.19  -10.59   77.2    1.36    4.25   104.8    27.4   -10.3    31.9    23.8    22.3    18.5 -999.000  228.8  262.3    2.458 -999.0000000 -999.0000000 -999.0  100
 2010    3  123  927.26  -11.85  -12.14   74.0    1.17    3.77   108.7    20.7    -8.5   118.7   105.7    80.7    79.1 -999.000  206.1  255.6    2.462 -999.0000000 -999.0000000 -999.0  100
 2010    4  124  932.63   -7.06   -7.13   77.9    1.85    3.17   102.7    10.5    -9.5   218.3   208.0   152.9   152.5    0.729  225.1  279.6    2.466 -999.0000000 -999.0000000 -999.0  100
 2010    5  125  935.89    1.43    0.54   70.7    3.22    4.47   114.2    39.0   -15.5   278.3   275.8   164.4   164.0    0.596  262.7  310.0    2.551   67.0969272   49.9358273  681.1  100
 2010    6  126  931.93    3.41    1.85   74.1    3.85    3.54   103.6    33.0    -6.2   302.3   299.9   153.1   152.5    0.510  280.4  317.7    2.569   67.0968905   49.9361992  681.0  100
 2010    7  127  930.42    3.83    2.32   76.1    4.08    3.03    71.6    26.6    -1.2   280.5   272.5   133.5   132.1    0.486  287.6  318.7    2.575   67.0968568   49.9364530  681.6  100
 2010    8  128  933.43    4.19    2.64   76.9    4.22    3.78    81.4    38.4     3.3   210.2   199.6    95.5    94.6    0.478  293.6  319.2    2.612   67.0968243   49.9366459  679.6  100
 2010    9  129  927.81    1.22   -0.34   76.7    3.40    3.79    86.0    31.4   -12.7   124.6   114.6    71.3    70.3    0.633  275.5  310.9    2.590   67.0968017   49.9367869  678.6  100
 2010   10  130  926.53   -3.98   -5.60   72.5    2.25    4.01    86.2    31.9   -12.2    59.5    42.4    35.3    34.5 -999.000  239.6  286.3    2.588   67.0967893   49.9369489  677.7  100
 2010   11  131  930.06   -5.74   -7.39   69.8    1.87    6.19    99.1    53.1   -21.3    10.5     7.6     6.8     6.2 -999.000  238.5  277.8    2.615 -999.0000000 -999.0000000 -999.0  100
 2010   12  132  935.80   -6.00   -7.65   76.1    2.04    6.03   100.1    34.5   -12.7     0.1     0.7     1.0     0.6 -999.000  247.9  279.9    2.615 -999.0000000 -999.0000000 -999.0  100
 2011    1  133  927.06  -13.63  -15.27   69.8    1.03    6.06    89.6    40.8    -9.6     5.8     3.6     4.1     3.1 -999.000  199.0  247.6    2.613 -999.0000000 -999.0000000 -999.0  100
 2011    2  134  909.77  -17.13  -18.76   81.8    0.83    4.06    88.0    21.7    -2.6    31.2    24.7    21.4    20.9 -999.000  207.4  237.1    2.612 -999.0000000 -999.0000000 -999.0  100
 2011    3  135  924.91  -17.66  -19.25   80.3    0.94    4.59    93.6    17.9    -4.8   114.0    92.5    75.1    69.4 -999.000  199.8  237.1    2.613 -999.0000000 -999.0000000 -999.0  100
 2011    4  136  916.02  -18.89  -20.36   76.2    0.64    3.10    80.4    -2.8    -7.9   246.8   228.8   152.1   144.2    0.642  173.1  237.4    2.612 -999.0000000 -999.0000000 -999.0  100
 2011    5  137  934.25   -4.68   -6.17   74.8    2.09    3.94    76.6     6.9   -23.9   297.3   290.6   211.8   209.1    0.719  246.4  292.5    2.595 -999.0000000 -999.0000000 -999.0  100
 2011    6  138  939.80    2.78    1.21   74.1    3.69    3.98    76.4    31.9    -8.5   340.8   342.3   183.3   182.1    0.540  274.0  316.2    2.582 -999.0000000 -999.0000000 -999.0  100
 2011    7  139  931.02    4.52    2.94   71.9    4.05    4.76    79.7    55.2    -2.3   291.3   286.7   141.5   137.4    0.486  288.5  319.3    2.590 -999.0000000 -999.0000000 -999.0  100
 2011    8  140  935.05    3.04    1.50   76.8    3.90    3.52    76.1    30.3    -2.8   219.9   208.9   107.4   101.1    0.493  284.6  317.0    2.564 -999.0000000 -999.0000000 -999.0  100
 2011    9  141  922.44   -2.38   -3.96   73.8    2.63    3.71    84.8    19.5   -15.4   149.8   113.0    85.6    65.0    0.583  249.7  296.4    2.496 -999.0000000 -999.0000000 -999.0  100
 2011   10  142  926.78  -10.30  -11.93   77.2    1.46    3.53    82.4    17.5    -6.2    63.9    51.3    40.9    32.8 -999.000  229.7  262.3    2.497 -999.0000000 -999.0000000 -999.0  100
 2011   11  143  918.24  -13.64  -15.28   75.5    1.13    4.11    90.3    27.3    -8.9    13.6     9.8     7.7     6.7 -999.000  220.4  248.9    2.514 -999.0000000 -999.0000000 -999.0  100
 2011   12  144  913.93  -16.12  -17.76   76.5    0.84    5.37    99.8    32.9    -5.0     0.1     0.9     1.2     0.7 -999.000  197.3  238.4    2.527 -999.0000000 -999.0000000 -999.0  100
 2012    1  145  915.96  -17.74  -19.40   75.5    0.75    4.76    94.1    33.4    -5.3     6.2     3.7     3.6     2.9 -999.000  196.6  232.3    2.533 -999.0000000 -999.0000000 -999.0  100
 2012    2  146  918.79  -15.85  -17.48   77.0    1.00    4.03    97.4    27.9    -7.1    45.3    29.9    25.8    25.4 -999.000  206.7  240.9    2.532 -999.0000000 -999.0000000 -999.0  100
 2012    3  147  921.65  -18.80  -20.38   77.3    0.90    4.00    92.4    25.9    -8.0   116.8    85.3    78.2    66.6 -999.000  203.8  231.9    2.530 -999.0000000 -999.0000000 -999.0  100
 2012    4  148  929.94   -5.89   -7.44   79.7    2.18    3.63   100.6    13.4   -14.4   195.5   178.1   133.7   121.4    0.692  251.0  284.9    2.551 -999.0000000 -999.0000000 -999.0  100
 2012    5  149  935.53   -0.35   -1.90   74.2    2.96    4.23    80.9    16.2   -18.1   291.5   281.1   196.6   187.9    0.683  265.9  306.0    2.507 -999.0000000 -999.0000000 -999.0  100
 2012    6  150  939.19    3.67    2.12   74.0    3.90    3.92    77.5  -999.0  -999.0   307.0   312.6   153.5   152.4    0.496  282.9  318.3    2.546 -999.0000000 -999.0000000 -999.0  100
 2012    7  151  932.05    4.45    2.89   75.8    4.25    4.02    79.1  -999.0  -999.0   274.0   264.8   128.8   122.5    0.470  299.3  320.0    2.569 -999.0000000 -999.0000000 -999.0  100
 2012    8  152  932.65    3.33    2.25   77.2    4.01    3.81    89.4  -999.0  -999.0   201.0   191.0    99.1    94.2    0.506  288.1  317.5    2.713 -999.0000000 -999.0000000 -999.0  100
 2012    9  153  926.30   -0.21   -0.19   76.8    3.13    4.37   121.3    29.9   -17.0   102.4   104.5    75.0    75.3    0.716  276.3  306.9    2.516   67.0963256   49.9415989  676.0  100
 2012   10  154  932.69   -4.98   -5.07   75.5    2.19    5.31   121.3    31.9   -24.8    43.0    39.4    32.3    29.4 -999.000  255.6  285.8    2.572   67.0963092   49.9417729  674.7  100
 2012   11  155  924.38  -12.12  -12.30   75.0    1.27    5.88   122.9    35.2   -13.3     8.3     8.1     7.5     5.7 -999.000  220.7  255.5    2.676 -999.0000000 -999.0000000 -999.0  100
 2012   12  156  926.47  -13.58  -13.80   70.7    1.04    5.42   118.9    36.3   -12.8     0.2     1.0     1.5     0.7 -999.000  204.4  248.1    2.576 -999.0000000 -999.0000000 -999.0  100
 2013    1  157  912.92  -14.26  -14.47   69.9    0.91    6.22   115.1    46.3   -17.9     4.0     4.4     3.4     2.6 -999.000  205.6  244.2    2.636 -999.0000000 -999.0000000 -999.0  100
 2013    2  158  924.14  -16.79  -16.94   72.8    0.79    5.06   121.9    31.0    -9.1    38.8    25.7    24.8    14.4 -999.000  194.0  236.9    2.605 -999.0000000 -999.0000000 -999.0  100
 2013    3  159  940.28  -11.08  -11.12   69.9    1.30    4.87   119.0    29.8   -14.1   115.8   103.7    74.1    61.0 -999.000  208.5  258.8    2.631 -999.0000000 -999.0000000 -999.0  100
 2013    4  160  931.69   -8.71   -8.60   68.2    1.40    5.46   120.6    23.1   -30.8   211.4   209.3   142.5   140.2    0.669  215.5  272.4    2.664 -999.0000000 -999.0000000 -999.0  100
 2013    5  161  932.90   -6.92   -6.73   74.4    1.80    5.13    99.7     0.9   -30.1   284.1   280.7   199.4   196.2    0.711  235.8  284.5    2.508   67.0962005   49.9429007  677.2  100
 2013    6  162  927.65    2.40    2.67   71.9    3.50    4.62   108.1    40.2   -18.2   326.1   325.8   187.3   186.4    0.576  267.9  316.1    2.505   67.0961761   49.9431455  678.1  100
 2013    7  163  929.97    3.17    3.39   73.5    3.79    4.21    92.7    38.2    -8.3   274.4   275.1   150.4   149.4    0.545  280.2  317.8    2.619   67.0961430   49.9434430  676.6  100
 2013    8  164  926.29    1.14    1.32   76.3    3.44    3.83    81.2    24.4   -11.3   208.8   209.0   130.2   130.1    0.640  270.3  311.5    2.574   67.0961161   49.9436776  675.6  100
 2013    9  165  925.58   -1.11   -1.06   77.9    2.98    4.46    96.0    22.5   -16.8   100.5    99.4    73.4    72.5    0.732  275.8  303.5    2.573   67.0960947   49.9438680  674.8  100
 2013   10  166  927.98   -6.56   -6.62   77.3    1.99    4.23    82.9    21.5    -9.6    49.7    50.7    40.4    37.6 -999.000  244.1  278.2    2.522   67.0960792   49.9440338  675.3  100
 2013   11  167  919.99  -12.75  -12.89   79.8    1.26    4.84    97.2    22.6    -7.2    10.1     8.8     8.4     6.2 -999.000  223.5  253.8    2.593   67.0960543   49.9442417  674.8  100
 2013   12  168  913.98  -17.41  -17.58   77.0    0.76    5.43    86.7    27.6    -6.9     0.0     0.9     1.2     0.6 -999.000  202.5  235.7    2.544   67.0960328   49.9442820  672.5  100
 2014    1  169  915.61  -13.28  -13.43   70.5    1.01    6.37    94.5    43.0   -13.3     4.0     3.7     3.6     2.2 -999.000  207.8  249.1    2.574   67.0960328   49.9442820  672.5  100
 2014    2  170  916.27  -15.62  -15.73   69.2    0.81    5.23    82.9    38.5   -15.4    28.5    29.1    20.2    16.5 -999.000  206.3  241.6    2.559   67.0960328   49.9442820  672.5  100
 2014    3  171  918.28  -18.03  -18.01   74.1    0.74    4.32    84.6    17.9   -10.0   113.2   104.0    73.2    63.4 -999.000  188.4  235.9    2.551   67.0960261   49.9443630  672.3  100
 2014    4  172  927.55  -14.00  -13.85   78.4    1.08    4.22    81.3     3.3   -14.3   207.9   203.7   142.8   140.0    0.692  208.3  255.2    2.561   67.0959631   49.9451544  671.7  100
 2014    5  173  933.93   -3.38   -3.05   77.0    2.43    3.51    52.1     2.5   -20.9   278.1   279.0   187.7   187.1    0.677  252.1  299.0    2.489   67.0959455   49.9453343  675.4  100
 2014    6  174  933.34    3.15    3.47   70.9    3.63    5.05    84.3    47.1   -15.7   322.4   323.5   167.4   164.8    0.515  270.5  317.5    2.540   67.0959177   49.9456302  676.2  100
 2014    7  175  932.44    3.72    4.03   73.8    3.93    3.83    65.1    35.3    -5.2   290.7   277.4   137.5   133.4    0.491  284.7  319.1    2.588   67.0958738   49.9459826  675.5  100
 2014    8  176  934.65    3.25    3.49   77.1    3.97    4.38   109.4    41.4    -2.7   194.5   179.1    94.2    93.2    0.528  287.3  318.2    2.547   67.0958389   49.9462505  672.9  100
 2014    9  177  921.71   -1.65   -1.49   78.2    2.92    4.02   125.3    18.5   -15.7   117.7   101.3    79.6    79.2    0.808  270.2  301.6    2.564   67.0958140   49.9464378  671.7  100
 2014   10  178  930.13   -7.48   -7.49   77.1    1.80    4.41   122.4    25.0   -12.9    49.3    40.7    35.4    36.0 -999.000  242.8  275.1    2.514 -999.0000000 -999.0000000 -999.0  100
 2014   11  179  919.33  -11.42  -11.54   68.4    1.17    5.70   124.0    39.3   -15.1    16.4     9.7     8.9     8.3 -999.000  211.1  255.2    2.563 -999.0000000 -999.0000000 -999.0  100
 2014   12  180  919.84  -16.40  -16.53   79.7    0.94    5.95   122.7    27.0    -7.0     0.4     0.8     1.1     0.7 -999.000  214.6  240.5    2.539   67.0957643   49.9467397  670.8  100
 2015    1  181  915.65  -20.68  -20.83   76.4    0.57    5.06   125.3  -999.0  -999.0     5.4     3.6     3.6     2.8 -999.000  196.9  223.6    2.590   67.0957643   49.9467397  670.8  100
 2015    2  182  917.80  -22.85  -22.94   78.3    0.56    4.33   120.7  -999.0  -999.0    47.9    32.7    27.2    24.0 -999.000  177.5  215.3    2.632 -999.0000000 -999.0000000 -999.0  100
 2015    3  183  913.61  -19.11  -19.06   76.9    0.72    4.76   124.7  -999.0  -999.0   120.3    97.9    77.2    73.1 -999.000  198.1  230.7    2.568 -999.0000000 -999.0000000 -999.0  100
 2015    4  184  926.35  -14.09  -13.85   79.5    1.04    3.80   120.3     7.6    -9.6   222.7   197.4   153.1   151.6    0.772  208.8  252.8    2.486 -999.0000000 -999.0000000 -999.0  100
 2015    5  185  927.29   -4.68   -4.27   71.5    2.07    4.95   128.1    13.5   -31.5   293.4   276.9   216.4   215.4    0.787  244.9  291.4    2.561   67.0956873   49.9476132  680.6  100
 2015    6  186  933.57    1.73    2.22   71.6    3.29    4.32   110.0    32.7   -19.8   334.6   331.8   195.5   194.3    0.594  266.9  315.2    2.576   67.0956687   49.9478241  680.2  100
 2015    7  187  939.90    3.31    3.74   72.8    3.73    3.99   144.6    36.1    -9.9   317.5   312.9   162.0   161.2    0.523  270.3  318.9    2.680   67.0956618   49.9481868  679.7  100
 2015    8  188  932.93    1.64    1.93   79.5    3.67    3.57   157.7    20.3    -8.6   191.9   178.0   103.0   101.2    0.571  286.5  315.6    2.711   67.0956384   49.9484206  677.7  100
 2015    9  189  926.58   -2.05   -1.85   81.6    2.92    3.03   140.8    10.5   -10.8   122.1   106.7    79.2    78.4    0.754  272.8  301.6    2.557   67.0956116   49.9486581  676.8  100
 2015   10  190  922.96   -9.07   -9.06   78.5    1.67    4.75   172.9    22.7   -17.0    56.3    46.0    39.9    41.7 -999.000  237.7  269.9    2.577   67.0955954   49.9488125  676.4  100
 2015   11  191  923.49  -16.89  -16.99   73.7    0.83    4.29   159.6    22.7    -6.7    13.4     6.7     9.3     6.1 -999.000  203.2  236.6    2.673   67.0955718   49.9489727  675.8  100
 2015   12  192  916.51  -20.93  -21.08   75.9    0.56    4.61   155.7    25.3    -5.3     0.7     0.8     1.4     0.8 -999.000  190.1  223.5    2.538   67.0955545   49.9491723  672.9  100
 2016    1  193  919.00  -12.81  -12.93   65.5    1.02    6.08   172.8    51.5   -21.3     5.2     3.2     3.5     3.0 -999.000  208.3  250.3    2.681 -999.0000000 -999.0000000 -999.0  100
 2016    2  194  919.32  -13.52  -13.59   66.6    0.94    6.19   179.2    42.9   -18.1    38.8    21.0    20.6    19.8 -999.000  206.0  248.7    2.716   67.0955280   49.9494851  676.3  100
 2016    3  195  918.19  -11.29  -11.20   74.8    1.30    4.80   181.2    22.8   -18.2   105.8    81.3    64.8    63.6 -999.000  225.3  262.3    2.652   67.0955032   49.9496798  676.4  100
 2016    4  196  932.94   -2.65   -2.43   69.0    2.41    6.63   183.2    41.6   -37.1   179.3   161.9   105.1   103.2    0.637  253.9  296.4    2.574   67.0954779   49.9498647  676.4  100
 2016    5  197  931.57   -0.58   -0.17   75.0    2.97    4.05   166.0    12.8   -23.1   261.1   247.7   166.2   165.0    0.676  267.2  308.4    2.436   67.0954464   49.9501392  676.4  100
 2016    6  198  932.60    2.54    3.01   76.6    3.75    3.99   139.2    31.9    -7.2   296.8   285.3   160.7   158.7    0.562  284.8  317.5    2.435   67.0954031   49.9504885  675.7  100
 2016    7  199  936.75    3.92    4.34   73.2    3.94    4.18   111.4    42.5    -2.4   315.4   304.7   150.4   148.7    0.493  272.6  319.6    2.590   67.0954310   49.9507393  673.5  100
 2016    8  200  933.09    2.75    3.02   80.9    4.01    3.57    74.2    26.9    -2.1   229.4   218.7   111.9   111.1    0.507  273.6  317.1    2.512   67.0954735   49.9509058  671.6  100
 2016    9  201  926.78   -2.74   -2.56   82.4    2.74    3.24    77.6    12.3    -8.0   122.0   110.9    82.3    81.8    0.761  259.1  297.5    2.512   67.0954537   49.9510624  671.4  100
 2016   10  202  927.41   -7.83   -7.79   84.8    1.95    4.32   100.4    22.9    -8.5    47.9    38.5    36.0    35.8 -999.000  248.0  274.3    2.472   67.0954456   49.9511767  671.7  100
 2016   11  203  925.68  -10.89  -10.93   86.3    1.58    5.30   107.8    23.8    -2.7     8.1     5.9     5.9     5.4 -999.000  232.3  262.3    2.544   67.0954201   49.9512859  668.4  100
 2016   12  204  916.11  -15.53  -15.62   81.8    1.07    4.96   102.8    33.9    -4.9     0.4     0.8     1.4     0.7 -999.000  204.7  241.5    2.545   67.0954187   49.9514340  669.5  100
 2017    1  205  919.79  -16.28  -16.34   86.1    1.04    5.74   106.1    31.5    -1.7     4.6     3.4     3.5     3.0 -999.000  211.0  240.3    2.566 -999.0000000 -999.0000000 -999.0  100
 2017    2  206  916.88  -17.48  -17.51   81.6    0.92    4.76   102.8    27.7    -3.8    42.9    28.2    25.3    24.1 -999.000  196.3  234.9    2.569   67.0953793   49.9516984  668.2  100
 2017    3  207  924.11  -15.64  -15.55   84.9    0.97    4.49   103.3    19.4    -6.2   112.0    89.5    72.5    71.1 -999.000  212.0  244.8    2.563   67.0953618   49.9518157  668.6  100
 2017    4  208  930.59  -11.23  -10.99   80.3    1.43    4.74   108.0    10.4   -14.8   218.4   200.0   142.5   140.6    0.708  214.7  264.7    2.596   67.0953482   49.9519828  668.9  100
 2017    5  209  937.47   -0.70   -0.34   83.2    3.20    4.34    81.8    15.5   -13.8   260.0   253.5   157.1   157.3    0.622  266.7  308.2    2.535   67.0953290   49.9521626  669.3  100
 2017    6  210  931.73    1.94    2.40   79.1    3.69    3.50    77.8    22.8    -8.7   323.1   320.4   174.2   170.8    0.539  268.3  316.1    2.404   67.0952971   49.9524445  669.0  100
 2017    7  211  928.39    2.69    3.10   76.2    3.77    4.34    93.4    40.7    -6.5   294.9   289.4   159.6   157.3    0.557  276.1  316.1    2.500   67.0952586   49.9527471  667.8  100
 2017    8  212  931.79    2.69    2.98   82.4    4.08    4.09    82.4    33.1     3.0   215.4   204.3   100.3    99.2    0.502  277.8  316.9    2.539   67.0952242   49.9530048  666.3  100
 2017    9  213  926.92   -2.12   -2.07   76.8    2.72    4.22    94.3    24.7   -14.2   121.3   111.0    77.6    77.1    0.683  259.5  297.3    2.459   67.0951973   49.9532325  663.4  100
 2017   10  214  925.41   -5.34   -5.47   80.5    2.21    4.56   111.7    31.2    -8.0    50.4    40.7    29.6    23.2 -999.000  249.6  282.7    2.488   67.0951785   49.9533976  662.7  100
 2017   11  215  928.79  -10.50  -10.73   76.4    1.48    5.98   108.5    45.5    -8.3     8.6     7.3     6.3     4.3 -999.000  219.7  259.6    2.478   67.0951613   49.9535703  663.2  100
 2017   12  216  924.12  -10.53  -10.78   77.8    1.37    5.57   118.3    39.0   -11.8    -0.1     0.8     1.0     0.5 -999.000  230.1  260.3    2.540   67.0951379   49.9537616  662.0  100
 2018    1  217  921.28  -17.60  -17.90   74.9    0.71    5.06   103.8    41.8    -3.8     5.3     4.0     3.7     2.6 -999.000  184.0  230.8    2.512   67.0951248   49.9539477  662.9  100
 2018    2  218  917.26  -22.53  -22.73   83.7    0.53    4.63   110.6    23.7    -0.3    37.8    29.7    22.5    19.6 -999.000  188.6  216.9    2.549   67.0950989   49.9541194  662.2  100
 2018    3  219  936.62  -14.18  -14.15   80.9    1.15    4.15   100.7    22.9    -7.8   118.0   101.6    68.1    63.8 -999.000  209.5  249.8    2.565   67.0950799   49.9542910  662.7  100
 2018    4  220  927.91   -8.56   -8.33   79.6    1.62    3.94   108.6    11.1   -14.4   213.9   195.8   126.7   123.6    0.629  224.6  274.8    2.528   67.0950567   49.9544880  662.2  100
 2018    5  221  922.08   -6.03   -5.68   74.7    1.98    4.98   107.8    12.9   -30.3   282.0   272.1   178.2   176.6    0.651  238.4  286.6    2.490   67.0950312   49.9546821  661.9  100
 2018    6  222  928.56    2.03    2.38   78.5    3.69    4.54    94.9    36.4   -11.8   303.0   297.7   173.5   172.0    0.586  277.8  314.4    2.498   67.0949974   49.9549610  661.7  100
 2018    7  223  929.24    2.94    3.19   81.2    4.11    3.95    80.5    32.3     0.8   264.6   256.5   136.9   134.6    0.532  287.1  316.1    2.536   67.0949585   49.9552720  660.4  100
 2018    8  224  928.84    2.83    3.02   77.9    3.91    4.41    97.4    39.3    -2.8   205.5   188.6   100.7    98.9    0.540  282.7  315.0    2.622   67.0949302   49.9555215  658.7  100
 2018    9  225  927.80   -1.78   -1.65   76.7    2.75    4.20   113.4    24.2   -14.9   125.5   112.6    85.7    84.3    0.747  257.3  298.7    2.568   67.0949514   49.9556677  658.6  100
 2018   10  226  926.45  -11.08  -11.03   75.1    1.34    5.19   111.1    27.7   -11.0    55.8    45.2    34.1    31.7 -999.000  214.7  259.8    2.602   67.0949355   49.9558191  658.2  100
 2018   11  227  929.95  -12.60  -12.58   77.8    1.17    4.85   111.5    32.5    -9.2    14.7     7.4    10.5     5.2 -999.000  216.0  252.1    2.654   67.0949210   49.9559723  658.6  100
 2018   12  228  922.22  -10.86  -10.86   85.4    1.50    4.02   111.1    24.1    -0.8     0.2     0.9     1.1     0.6 -999.000  236.0  259.2    2.648 -999.0000000 -999.0000000 -999.0  100
 2019    1  229  925.10  -16.32  -16.30   81.3    0.92    5.08   114.6    32.7    -2.9     4.4     3.6     4.1     2.6 -999.000  205.2  238.2    2.694   67.0948819   49.9563045  658.6  100
 2019    2  230  919.75  -13.66  -13.61   74.3    0.97    5.35   121.8  -999.0  -999.0    38.0    29.2    23.8    21.4 -999.000  200.3  246.5    2.683   67.0948600   49.9564481  657.4  100
 2019    3  231  919.69  -16.08  -15.93   80.1    0.96    4.58   115.7    12.9    -4.7   110.2    95.3    74.0    72.0 -999.000  202.7  242.8    2.698   67.0948343   49.9566053  656.5  100
 2019    4  232  928.39   -5.32   -5.20   69.5    1.95    6.67   120.9  -999.0  -999.0   193.9   178.1   117.7   116.8    0.653  234.0  283.5    2.787   67.0948122   49.9568074  657.1  100
 2019    5  233  940.36    2.52    2.67   67.1    3.23    5.21   114.6    48.4   -29.7   314.3   300.4   168.3   167.8    0.561  251.1  312.7    2.698   67.0947853   49.9570484  657.2  100
 2019    6  234  941.13    3.59    3.76   74.8    3.88    3.89    95.0    39.3    -6.0   307.2   300.1   152.0   149.6    0.505  281.5  316.8    2.620   67.0947414   49.9573854  656.1  100
 2019    7  235  937.66    4.78    4.89   71.4    4.08    4.39    87.8    50.7     0.6   315.5   307.4   141.0   138.5    0.457  279.1  318.2    2.623   67.0946931   49.9576460  653.2  100
 2019    8  236  938.26    2.84    2.95   74.8    3.73    3.65    78.5    30.9    -7.7   240.7   226.5   113.5   112.9    0.510  266.3  314.2    2.593   67.0946573   49.9578612  650.6  100
 2019    9  237  930.90   -0.73   -0.62   76.4    2.99    3.90    59.8    24.8   -11.0   122.1   112.6    81.5    81.2    0.715  255.8  302.0    2.626   67.0946469   49.9579953  649.8  100
 2019   10  238  934.91   -4.89   -4.82   70.2    1.98    4.73    55.5    34.6   -15.2    53.5    49.2    38.1    33.3 -999.000  230.1  281.5    2.637   67.0946319   49.9581346  649.6  100
 2019   11  239  928.08   -6.11   -6.06   67.2    1.67    5.80    68.1    47.5   -18.4     7.1     6.5     5.5     4.4 -999.000  228.9  274.8    2.645 -999.0000000 -999.0000000 -999.0  100
 2019   12  240  923.05  -15.40  -15.34   77.8    0.90    3.92    53.0    26.4    -1.5    -0.0     1.0     1.5     0.7 -999.000  192.3  239.1    2.643   67.0945994   49.9584176  648.6  100
 2020    1  241  915.51  -19.91  -19.84   85.4    0.66    4.00    58.2    23.6    -0.2     3.2     3.7     3.7     2.6 -999.000  196.6  225.8    2.637   67.0945779   49.9585852  646.6  100
 2020    2  242  914.46  -20.69  -20.60   84.8    0.61    3.00    47.7    20.1    -0.8    34.8    31.0    28.6    22.4 -999.000  189.8  222.3    2.642   67.0945580   49.9587340  646.0  100
 2020    3  243  926.83  -17.51  -17.38   80.6    0.93    4.63    66.1    26.6    -4.4   100.4    92.8    71.2    65.8 -999.000  196.5  236.3    2.648   67.0945449   49.9588934  648.3  100
 2020    4  244  933.05   -6.84   -6.71   68.6    1.79    6.02    67.7    34.6   -30.0   199.7   189.4   117.5   115.6    0.607  219.9  278.1    2.655   67.0945196   49.9590570  648.2  100
 2020    5  245  933.96   -0.66   -0.42   73.6    2.85    3.88    43.5    22.5   -18.7   298.4   289.1   184.9   184.3    0.649  246.2  303.4    2.583   67.0944924   49.9592514  647.8  100
 2020    6  246  935.38    1.98    2.20   79.7    3.74    3.31    30.6    21.6    -6.5   288.8   283.7   159.3   157.1    0.561  281.6  313.7    2.557   67.0944546   49.9595573  647.4  100
 2020    7  247  935.93    4.14    4.28   77.7    4.23    3.75    45.4    37.3     2.7   249.8   238.9   115.8   114.2    0.488  293.1  318.0    2.571   67.0944131   49.9598616  645.5  100
 2020    8  248  933.05    2.60    2.76   77.8    3.83    3.30    39.7    23.7    -5.1   221.0   198.6   116.0   111.0    0.566  279.2  314.9    2.509   67.0943774   49.9600910  643.5  100
 2020    9  249  928.88   -3.26  -28.49   93.9    3.03    3.57   114.0    19.3     5.8   111.8   104.0    86.0    84.0    0.797  266.5  293.2    2.601   67.0943701   49.9602636  643.1  100
 2020   10  250  930.55   -5.64  -39.99   98.9    2.91    4.87   143.3    34.9    24.3    40.7    34.3    30.9    30.4 -999.000  253.8  281.5    2.642   67.0943616   49.9604019  643.4  100
 2020   11  251  921.54  -11.64  -40.00   97.6    1.64    5.24   141.6    30.0    11.8     7.2     6.1     6.0     5.3 -999.000  229.8  257.6    2.643 -999.0000000 -999.0000000 -999.0  100
 2020   12  252  931.13   -9.70  -39.99   98.2    1.94    5.53   145.8    40.7    19.5     0.0     0.8     1.1     0.6 -999.000  227.1  261.8    2.642   67.0943280   49.9607151  642.9  100
 2021    1  253  933.81  -12.16  -40.00   97.3    1.52    4.73   133.2    33.8    11.4     6.4     4.2     4.8     3.3 -999.000  209.8  252.0    2.639   67.0943011   49.9608905  642.3  100
 2021    2  254  927.39  -16.73  -40.01   96.5    1.07    4.65   135.6    36.7     9.4    40.9    30.6    26.8    23.9 -999.000  194.9  236.3    2.646   67.0942852   49.9610557  642.0  100
 2021    3  255  925.87  -14.73  -40.01   97.5    1.42    4.60   136.4    27.8    10.8   111.7    95.3    77.0    73.0 -999.000  205.3  246.7    2.642   67.0942621   49.9612267  641.2  100
 2021    4  256  943.93   -6.23  -39.98   98.3    2.75    5.08   138.0    30.1    18.4   200.7   188.1   140.9   140.1    0.752  239.3  280.9    2.644   67.0942433   49.9613993  643.2  100
 2021    5  257  938.42   -1.02  -39.97   96.6    3.65    5.40   137.2    26.8    12.7   280.9   268.1   158.3   157.2    0.594  248.6  303.6    2.596   67.0942143   49.9616085  642.7  100
 2021    6  258  932.63    2.25  -39.97   99.3    4.80    3.54   126.5    28.4    25.2   294.9   288.7   157.6   157.5    0.549  279.0  314.6    2.487   67.0941804   49.9618948  642.2  100
 2021    7  259  934.28    3.72  -39.97   99.1    5.33    4.25   118.0    43.7    41.1   274.0   265.4   136.9   136.8    0.514  282.8  316.6    2.594   67.0941397   49.9622332  641.2  100
 2021    8  260  934.38    4.08  -19.86   89.1    4.90    4.60   125.0  -999.0  -999.0   192.8   180.3    92.1    91.1    0.513  290.8  318.3    2.543   67.0941074   49.9625552  639.1  100
 2021    9  261  935.16   -6.68   -6.56   79.5    2.00    3.11    90.3  -999.0  -999.0   141.5   130.4   105.6   107.4    0.837  236.2  281.4    2.421   67.0940882   49.9627366  637.0  100
 2021   10  262  937.63   -6.66   -6.68   73.8    1.80    4.49   110.5  -999.0  -999.0    57.1  -999.0    40.8  -999.0 -999.000  236.6  278.5    2.429   67.0940756   49.9628576  637.4  100
 2021   11  263  931.20  -11.35  -11.38   82.2 -999.00    5.11   115.7  -999.0  -999.0     9.2  -999.0     8.0  -999.0 -999.000  232.6  261.7    2.427   67.0940624   49.9629755  637.4  100
 2021   12  264  922.55   -8.68   -8.75   67.0 -999.00    7.79   124.2  -999.0  -999.0    -1.1  -999.0     0.9  -999.0 -999.000  215.2  267.2    2.431   67.0940475   49.9631198  635.6  100
 2022    1  265 -999.00 -999.00 -999.00 -999.0 -999.00 -999.00  -999.0  -999.0  -999.0  -999.0  -999.0  -999.0  -999.0 -999.000 -999.0 -999.0 -999.000 -999.0000000 -999.0000000 -999.0  100
