 Year MonthOfYear MonthOfCentury AirPressure(hPa) AirTemperature(C) AirTemperatureHygroClip(C) RelativeHumidity(%) SpecificHumidity(g/kg) WindSpeed(m/s) WindDirection(d) SensibleHeatFlux(W/m2) LatentHeatFlux(W/m2) ShortwaveRadiationDown(W/m2) ShortwaveRadiationDown_Cor(W/m2) ShortwaveRadiationUp(W/m2) ShortwaveRadiationUp_Cor(W/m2) Albedo_theta<70d LongwaveRadiationDown(W/m2) LongwaveRadiationUp(W/m2) HeightSensorBoom(m) LatitudeGPS_HDOP<1(degN) LongitudeGPS_HDOP<1(degW) ElevationGPS_HDOP<1(m) FanOK(%)
 2008    7  103 -999.00 -999.00 -999.00 -999.0 -999.00 -999.00  -999.0  -999.0  -999.0  -999.0  -999.0  -999.0  -999.0 -999.000 -999.0 -999.0 -999.000 -999.0000000 -999.0000000 -999.0  100
 2008    8  104  908.00   -1.62   -2.50   81.6    3.04    4.56   287.8    21.1    -8.4   193.1   191.4   128.2   127.8    0.675  250.2  300.3    2.488   79.8339119   25.1704144  868.3  100
 2008    9  105  903.73   -9.54  -10.66   90.4    1.76    4.76   295.0    14.8    -0.1    63.6    67.9    47.4    46.8 -999.000  239.8  268.4    2.376   79.8339172   25.1703658  867.0  100
 2008   10  106  899.88  -22.26  -23.54   90.2    0.62    5.39   284.0    36.6     1.9     5.1     7.0     5.4     4.9 -999.000  184.2  216.7    2.143   79.8339259   25.1703143  865.8  100
 2008   11  107  903.42  -26.49  -27.77   95.7    0.39    6.45   300.6    28.7     1.6    -1.0     0.0     0.4     0.0 -999.000  184.8  204.3    2.159   79.8339300   25.1701957  867.2  100
 2008   12  108  896.28  -26.92  -28.20   94.1    0.38    5.49   288.5    23.6     0.9    -0.9     0.0     0.4     0.0 -999.000  183.8  203.6    2.085   79.8339467   25.1701968  867.7  100
 2009    1  109  895.32  -27.88  -29.12   91.8    0.35    4.83   278.7    30.5     0.9    -0.8     0.0     0.3     0.0 -999.000  170.8  199.1    2.040   79.8339481   25.1702185  866.6  100
 2009    2  110  904.79  -30.55  -31.83   98.8    0.25    4.43   274.3    24.7     1.6     1.4     1.4     1.4     1.2 -999.000  194.0  191.6    1.981 -999.0000000 -999.0000000 -999.0  100
 2009    3  111  905.32  -31.00  -32.09   93.8    0.25    4.84   282.6    34.6     1.3    52.5    45.6    38.2    38.5 -999.000  168.3  187.9    1.942 -999.0000000 -999.0000000 -999.0  100
 2009    4  112  907.54  -26.05  -26.89   82.6    0.36    4.60   276.9    33.7    -0.3   184.9   178.7   149.3   149.7 -999.000  153.4  203.1    1.905   79.8339596   25.1700360  865.5  100
 2009    5  113  905.06   -9.47  -10.06   80.1    1.60    4.46   283.9    15.8    -9.4   304.9   299.3   252.7   252.3    0.848  222.3  268.9    1.799   79.8339669   25.1700012  867.0  100
 2009    6  114  913.80   -4.65   -5.18   81.7    2.37    4.30   305.2     9.7   -14.1   356.7   353.2   294.7   293.9    0.837  244.9  291.0    1.708   79.8339746   25.1699564  867.8  100
 2009    7  115  917.42    0.94    0.35   82.0    3.64    4.46   279.4    23.5   -11.6   318.4   317.5   223.5   222.6    0.694  263.7  313.0    2.007   79.8339813   25.1699203  868.2  100
 2009    8  116  911.97   -2.39   -3.12   82.5    2.87    3.52   277.6    14.3    -7.7   200.9   201.6   142.2   142.2    0.721  249.0  297.9    2.254   79.8339864   25.1698751  868.0  100
 2009    9  117  900.01  -12.28  -13.40   89.8    1.42    5.53   304.5    21.2     0.2    64.1    69.6    54.1    54.1 -999.000  231.3  257.1    2.143   79.8339941   25.1698173  867.2  100
 2009   10  118  907.59  -20.53  -21.78   94.0    0.71    6.41   297.4    29.9     2.7     5.9     7.0     5.7     5.5 -999.000  199.0  225.3    2.021   79.8340024   25.1697644  865.6  100
 2009   11  119  900.55  -26.64  -27.92   92.7    0.38    5.68   281.9    35.7     1.8    -1.0     0.0     0.4     0.0 -999.000  174.6  202.1    1.959   79.8340088   25.1697205  863.8  100
 2009   12  120  912.52  -23.34  -24.61   93.0    0.56    5.75   276.0    25.9     0.7    -0.9     0.0     0.3     0.0 -999.000  194.9  216.1    1.896   79.8340235   25.1697210  867.3  100
 2010    1  121  900.98  -29.75  -30.96   88.0    0.30    5.50   273.4    36.6     0.4    -0.9     0.0     0.4     0.0 -999.000  160.9  192.6    1.905   79.8340204   25.1696544  864.6  100
 2010    2  122  912.30  -27.08  -28.35   94.3    0.39    4.78   275.4    27.5     1.3     0.9     0.9     1.5     0.7 -999.000  184.1  201.6    1.875   79.8340241   25.1696143  866.2  100
 2010    3  123  909.12  -29.95  -31.04   93.3    0.26    4.99   279.0    30.1     1.3    58.3    46.9    42.5    38.6 -999.000  164.9  191.4    1.848   79.8340355   25.1695133  867.3  100
 2010    4  124  908.82  -19.86  -20.81   87.3    0.73    4.83   292.8    26.4     0.0   168.8   165.9   138.3   138.5 -999.000  186.4  226.8    1.742   79.8340394   25.1695007  866.5  100
 2010    5  125  914.75  -10.08  -10.69   85.0    1.60    4.80   296.2    12.5    -5.4   297.6   296.0   247.6   246.9    0.838  226.5  267.3    1.672   79.8340471   25.1694637  867.7  100
 2010    6  126  911.66   -1.86   -2.23   81.7    3.01    3.66   288.5    12.2   -13.2   372.8   369.7   289.3   287.2    0.779  247.0  302.4    1.712   79.8340527   25.1694144  868.1  100
 2010    7  127  906.70    0.85    0.31   79.4    3.55    4.28   279.6    21.4   -13.5   344.9   345.2   217.1   215.8    0.627  247.9  311.1    2.161   79.8340584   25.1693813  869.0  100
 2010    8  128  910.78   -2.99   -3.77   83.4    2.75    4.25   284.0    17.0    -9.7   212.9   209.7   148.2   147.7    0.719  242.6  295.1    2.192   79.8340640   25.1693329  868.2  100
 2010    9  129  909.85  -13.22  -14.25   89.5    1.30    3.72   263.0    18.1    -0.1    70.6    68.9    57.8    57.6 -999.000  228.8  252.7    2.091   79.8340703   25.1692792  867.8  100
 2010   10  130  906.91  -20.10  -21.33   90.9    0.74    5.46   287.5    31.1     1.3     7.8     7.8     6.8     6.5 -999.000  200.6  228.6    2.090   79.8340785   25.1692240  866.4  100
 2010   11  131  906.49  -24.44  -25.72   90.5    0.49    5.59   272.7    41.5     2.2    -1.0     0.0     0.4     0.0 -999.000  181.3  208.9    2.099   79.8340831   25.1691719  864.4  100
 2010   12  132  910.49  -23.70  -24.98   91.4    0.52    6.72   289.3    30.9     1.3    -0.9     0.0     0.4     0.0 -999.000  187.7  212.9    2.079   79.8340990   25.1691507  867.8  100
 2011    1  133  903.65  -27.55  -28.83   89.6    0.36    5.87   281.1    33.9     0.9    -1.0     0.0     0.4     0.0 -999.000  172.3  199.9    2.074   79.8340957   25.1690846  863.5  100
 2011    2  134  894.83  -27.04  -28.30   86.4    0.36    6.14   253.4    35.7     0.4     0.2     0.9     1.0     0.7 -999.000  173.4  201.3    2.028   79.8341077   25.1689953  864.2  100
 2011    3  135  894.58  -27.35  -28.54   94.7    0.35    7.21   304.8    26.9     1.3    39.9    36.8    29.9    29.7 -999.000  174.6  201.7    1.980   79.8341143   25.1690456  866.8  100
 2011    4  136  893.59  -25.73  -26.62   85.5    0.42    4.74   294.1    20.3    -0.9   164.8   160.9   131.5   131.0 -999.000  177.6  207.5    1.833   79.8341138   25.1689602  865.6  100
 2011    5  137  913.04  -11.61  -12.31   84.3    1.39    4.65   301.0    16.4    -4.7   297.2   298.1   248.7   248.1    0.835  219.9  260.5    1.635   79.8341240   25.1689050  867.8  100
 2011    6  138  916.97   -2.29   -2.65   78.9    2.81    3.88   284.0    17.2   -14.0   389.5   389.8   298.7   297.9    0.762  233.3  298.9    1.574   79.8341279   25.1688523  868.2  100
 2011    7  139  912.25    0.75    0.25   84.0    3.70    3.74   285.3    12.7    -9.6   306.2   308.5   202.7   201.7    0.658  268.8  313.3    2.006   79.8341342   25.1688357  868.6  100
 2011    8  140  913.83   -2.08   -2.90   86.2    3.10    4.48   288.3    14.7    -9.0   185.7   189.6   135.2   134.2    0.742  264.9  301.0    2.197   79.8341406   25.1687875  868.4  100
 2011    9  141  901.46  -14.46  -15.52   81.4    1.04    5.00   265.9    33.8    -1.2    81.3    90.0    65.6    65.1 -999.000  200.2  244.5    2.094   79.8341469   25.1687271  865.8  100
 2011   10  142  904.33  -21.59  -22.82   91.9    0.62    5.12   288.6    27.8     1.1     4.9     6.2     5.1     4.6 -999.000  199.8  222.3    2.080   79.8341549   25.1686833  865.4  100
 2011   11  143  895.82  -24.22  -25.48   93.0    0.49    6.04   293.8    25.1     1.1    -0.9     0.0     0.3     0.0 -999.000  194.1  212.2    2.078   79.8341579   25.1686977  864.6  100
 2011   12  144  892.31  -28.35  -29.62   93.9    0.32    5.73   291.6    27.9     0.9    -0.9     0.0     0.3     0.0 -999.000  186.3  196.1    1.997   79.8341667   25.1685993  864.6   80
 2012    1  145  898.16  -26.50  -27.76   95.2    0.41    4.92   281.0    19.4     1.0    -0.6     0.0     0.2     0.0 -999.000  186.2  206.0    1.656   79.8341699   25.1684841  869.0   35
 2012    2  146  895.54  -28.97  -30.13   94.8    0.31    5.72   294.8    28.3     1.0     0.0     0.9     1.0     0.7 -999.000  179.3  195.9    1.593   79.8341833   25.1684677  863.8  100
 2012    3  147  899.22  -28.05  -29.10   94.1    0.35    4.87   285.5    25.1     1.0    45.3    45.1    36.7    36.5 -999.000  178.8  199.9    1.483   79.8341871   25.1684681  868.8  100
 2012    4  148  909.92  -23.97  -24.76   83.6    0.41    4.14   281.3    31.1     0.2   184.1   181.4   148.4   148.6 -999.000  164.5  210.2    1.502   79.8341933   25.1683586  865.4  100
 2012    5  149  912.43  -12.86  -13.46   78.4    1.22    4.74   293.8    25.6    -6.2   330.2   332.5   269.6   268.9    0.808  191.9  253.5    1.420   79.8341935   25.1683188  867.1  100
 2012    6  150  914.54   -0.27   -0.76   80.4    3.27    4.18   290.5    15.1   -20.3   357.6   355.0   271.0   268.2    0.757  258.6  309.6    1.651   79.8342057   25.1683117  868.3  100
 2012    7  151  910.55    1.16    0.86   83.3    3.79    3.96   288.1    19.4    -7.8   308.6   309.3   202.2   201.1    0.653  267.8  314.7    2.165   79.8342359   25.1682849  867.8  100
 2012    8  152  909.92   -0.64   -0.49   84.2    3.39    5.12   303.0    15.7   -13.2   169.7   169.6   117.4   116.8 -999.000  269.8  308.0    2.582   79.8343034   25.1682441  867.7  100
 2012    9  153  903.69   -9.23   -9.27   90.2    1.88    5.38   306.9    14.5    -2.0    57.7    62.1    49.9    49.6 -999.000  242.3  270.6    2.452   79.8343071   25.1681967  866.3  100
 2012   10  154  909.96  -19.21  -19.36   87.6    0.71    5.83   287.4    24.7    -0.4     3.9     5.9     5.1     4.8 -999.000  196.0  229.7    2.380   79.8343129   25.1681592  865.2  100
 2012   11  155  904.94  -25.59  -25.76   83.5    0.40    5.93   283.7    32.1    -0.4    -1.9     0.0     0.2     0.0 -999.000  168.9  206.7    2.355   79.8343316   25.1680820  868.5  100
 2012   12  156  907.67  -26.75  -26.91   86.7    0.34    5.87   294.8    21.3    -0.5    -1.6     0.0     0.2     0.0 -999.000  178.9  204.1    2.251   79.8343163   25.1680819  862.5  100
 2013    1  157  900.65  -25.25  -25.40   90.1    0.48    4.60   296.9    11.0    -0.6    -1.0     0.0     0.3     0.0 -999.000  197.2  213.6    2.228   79.8343322   25.1680250  863.9  100
 2013    2  158  905.11  -32.29  -32.08   78.2    0.20    4.98   271.2    31.0    -0.3     0.3     1.0     1.3     0.8 -999.000  151.9  184.5    2.209   79.8343494   25.1680282  869.3  100
 2013    3  159  921.38  -27.44  -27.53   80.4    0.31    5.78   287.4    31.7    -0.9    41.5    40.7    34.0    33.8 -999.000  162.8  199.9    2.189   79.8343392   25.1679381  868.1  100
 2013    4  160  908.28  -23.45  -23.31   77.0    0.43    5.60   293.4    28.5    -2.9   176.9   178.1   148.1   148.0 -999.000  161.1  213.6    2.174   79.8343490   25.1678725  866.1  100
 2013    5  161  911.24  -14.51  -14.05   78.2    0.99    3.90   279.1     4.7    -9.0   316.8   317.2   263.0   262.8    0.830  200.7  251.4    2.148   79.8343562   25.1678473  867.6  100
 2013    6  162  905.17   -2.45   -1.95   74.7    2.64    4.33   284.3    10.2   -25.8   392.7   390.6   306.7   305.2    0.784  234.7  300.6    2.094   79.8343656   25.1677963  868.0  100
 2013    7  163  908.21    0.06    0.44   78.8    3.32    4.68   295.6    11.7   -24.1   317.8   316.2   228.0   227.2    0.724  259.7  312.8    2.337   79.8343758   25.1677303  868.1  100
 2013    8  164  904.16   -4.60   -4.41   80.6    2.44    4.90   295.5     8.3   -18.4   193.7   190.6   148.6   148.0 -999.000  249.1  292.0    2.340   79.8343797   25.1676841  867.6  100
 2013    9  165  907.93  -10.28  -10.33   88.3    1.68    4.12  -999.0     9.8    -6.0    55.8    64.0    51.2    55.7 -999.000  250.1  268.6    2.116   79.8343858   25.1676279  867.0  100
 2013   10  166  907.55  -21.81  -21.94   84.5    0.61    5.08   291.1    25.3    -0.7     3.9     5.7     5.3     4.9 -999.000  204.3  221.5    1.912   79.8343937   25.1675704  866.0  100
 2013   11  167  895.46  -27.90  -28.06   84.2    0.32    7.52   300.7    23.1    -1.8    -1.7     0.0     0.2     0.0 -999.000  163.3  200.9    1.888   79.8344042   25.1675895  866.1  100
 2013   12  168  897.83  -27.30  -27.27   85.7    0.41    4.73   283.6    12.3    -1.1    -1.1     0.0     0.3     0.0 -999.000  191.6  205.5    1.805   79.8344007   25.1675011  865.3  100
 2014    1  169  903.38  -26.47  -26.63   80.0    0.35    4.62   255.7    26.5    -0.9    -1.6     0.0     0.4     0.0 -999.000  180.1  204.1    1.778   79.8344172   25.1674713  865.2  100
 2014    2  170  901.38  -26.02  -26.03   85.0 -999.00    2.72   279.1  -999.0  -999.0     0.1     0.8     1.1     0.7 -999.000  199.9 -999.0    1.770   79.8344154   25.1674648  869.1  100
 2014    3  171  899.71  -27.52  -27.59   83.1    0.36    5.42   294.0    17.5    -1.5    43.4    40.9    36.0    35.4 -999.000  173.6  202.8    1.644   79.8344202   25.1673718  867.2  100
 2014    4  172  905.32  -24.21  -24.03   73.1    0.39    4.96   293.5    22.7    -4.5   173.3   173.2   148.6   148.5 -999.000  158.3  212.5    1.546   79.8344244   25.1673239  863.7  100
 2014    5  173  910.54  -13.08  -12.63   73.7    1.06    4.69   295.3     9.6   -14.9   324.7   323.0   267.3   266.5    0.831  193.7  256.1    1.565   79.8344361   25.1672751  867.1  100
 2014    6  174  912.20   -2.63   -2.09   76.2    2.64    3.61   286.1     6.5   -24.5   374.3   370.7   293.6   292.5    0.794  246.5  302.2    1.648   79.8344458   25.1672232  867.5  100
 2014    7  175  910.73    0.44    0.78   80.2    3.46    3.97   277.5    11.9   -19.6   300.9   299.2   210.1   209.5    0.703  271.8  314.9    2.101   79.8344616   25.1671763  867.9  100
 2014    8  176  911.67   -2.10   -1.91   80.2    2.90    4.55   293.3    12.5   -18.6   190.3   188.9   136.7   136.3    0.694  252.8  302.1    2.236   79.8344676   25.1671277  865.4  100
 2014    9  177  902.22  -13.95  -13.97   81.5    1.08    5.67   292.1    19.0    -7.0    68.0    65.1    59.8    59.6 -999.000  215.6  250.7    2.122   79.8344677   25.1670849  863.7  100
 2014   10  178  910.23  -18.26  -18.38   86.0    0.82    5.87   313.3    11.2    -4.2     4.5     5.4     4.9     4.9 -999.000  223.8  237.0    2.029   79.8344723   25.1670344  862.3  100
 2014   11  179  902.17  -24.98  -25.12   79.9    0.45    4.82   276.9    18.2    -2.2    -1.7     0.0     0.3     0.0 -999.000  185.7  211.7    1.986   79.8344777   25.1670394  861.6  100
 2014   12  180  900.12  -28.59  -28.72   82.3    0.35    5.11   302.7    10.8    -2.1    -1.4     0.0     0.5     0.0 -999.000  183.7  199.6    1.519 -999.0000000 -999.0000000 -999.0  100
 2015    1  181  899.16  -26.13  -26.27   79.2    0.37    5.08   292.5    15.3    -2.8    -1.1     0.0     0.3     0.0 -999.000  190.8  207.9    1.470 -999.0000000 -999.0000000 -999.0  100
 2015    2  182  892.29  -31.79  -31.93   78.9    0.19    6.67   303.7    25.6    -1.6    -0.4     0.9     1.2     0.8 -999.000  152.3  187.7    1.363 -999.0000000 -999.0000000 -999.0  100
 2015    3  183  896.73  -27.07  -27.13   82.6    0.33    5.27   298.6    18.1    -1.8    41.9    36.1    33.3    33.0 -999.000  176.7  203.9    1.287 -999.0000000 -999.0000000 -999.0  100
 2015    4  184  904.64  -22.63  -22.46   75.9    0.48    5.31   298.8    15.3    -5.9   164.5   158.8   139.3   139.1 -999.000  179.0  219.6    1.237   79.8344890   25.1669118  865.8  100
 2015    5  185  908.27  -14.97  -14.47   72.5    0.87    2.93   272.3     2.3   -10.4   330.0   329.5   269.8   269.8    0.822  188.7  249.9    1.263   79.8345007   25.1668574  866.7  100
 2015    6  186  911.73   -2.37   -1.75   72.5    2.52    4.46   301.5    10.4   -35.7   385.6   383.1   312.0   310.7    0.814  239.7  301.4    1.301   79.8345104   25.1668252  867.6  100
 2015    7  187  919.46    1.66    1.99   77.2    3.60    3.72   287.6    20.8   -15.6   318.3   317.5   210.4   209.5    0.659  270.0  318.0    1.914   79.8345412   25.1666242  866.5  100
 2015    8  188  912.96   -3.01   -2.83   80.1    2.69    3.54   282.9     5.6   -17.1   189.9   191.1   141.1   140.6    0.732  261.1  299.7    2.165   79.8345454   25.1665692  864.2  100
 2015    9  189  906.31  -12.37  -12.38   78.6    1.20    4.82   292.3    17.5    -9.0    66.3    72.6    60.2    59.9 -999.000  222.0  257.2    2.131   79.8345500   25.1665052  862.7  100
 2015   10  190  901.20  -19.61  -19.74   77.7    0.67    5.56   283.2    24.6    -4.8     4.4     6.8     5.9     5.6 -999.000  193.2  228.9    2.113   79.8345540   25.1664506  861.6  100
 2015   11  191  898.53  -24.57  -24.71   75.4    0.41    5.99   298.1    27.5    -3.4    -1.7     0.0     0.2     0.0 -999.000  177.0  210.9    1.970   79.8345515   25.1663789  860.5  100
 2015   12  192  896.73  -28.35  -28.38   77.7    0.30    6.23   302.9    15.6    -2.9    -1.5     0.0     0.3     0.0 -999.000  176.5  200.5    1.906   79.8345782   25.1663328  861.6  100
 2016    1  193  903.56  -24.23  -24.37   78.9    0.41    4.49   284.1    25.2    -2.3    -1.3     0.0     0.3     0.0 -999.000  185.3  212.4    1.757 -999.0000000 -999.0000000 -999.0  100
 2016    2  194  904.60  -27.90  -28.05   81.6    0.30    4.97   286.0    15.9    -1.3    -0.2     1.1     1.4     0.9 -999.000  181.3  201.7    1.708   79.8345871   25.1662131  873.1  100
 2016    3  195  900.22  -28.89  -28.97   77.7    0.27    4.95   280.5    19.2    -1.8    50.8    46.2    38.6    38.2 -999.000  167.0  197.5    1.701   79.8345869   25.1662500  860.9  100
 2016    4  196  912.28  -20.51  -20.40   71.6    0.59    4.48   274.9    22.2    -6.2   177.8   178.7   146.8   146.3 -999.000  177.5  225.1    1.716   79.8345925   25.1661980  867.3  100
 2016    5  197  911.11  -12.89  -12.47   77.4    1.11    3.97   297.3    -1.5   -14.2   303.4   306.4   254.6   254.4    0.831  214.1  259.6    1.671   79.8346014   25.1661757  867.1  100
 2016    6  198  909.85   -1.34   -0.82   72.0    2.79    4.36   297.2    12.7   -32.6   384.7   381.6   301.1   299.3    0.786  242.1  305.7    1.650   79.8346002   25.1661344  868.2  100
 2016    7  199  914.52    1.54    1.87   75.6    3.52    4.25   287.6    20.2   -20.9   326.6   326.7   204.2   203.2    0.622  258.0  316.9    2.183   79.8346177   25.1660511  864.8  100
 2016    8  200  906.34   -1.72   -1.40   78.7    2.90    5.97   294.4  -999.0  -999.0   185.6   188.5   128.2   128.1    0.682  244.4  300.5    2.274   79.8346108   25.1660802  867.9  100
 2016    9  201  903.37  -10.96  -10.77   85.9    1.48    4.73   281.8  -999.0  -999.0    67.0    72.9    51.4    51.5 -999.000  219.2  261.1    2.266   79.8346156   25.1660292  864.7  100
 2016   10  202  907.85  -18.00  -17.94   90.7 -999.00    4.87   277.4  -999.0  -999.0     6.1  -999.0     6.5  -999.0 -999.000  203.7  233.7    2.222   79.8346254   25.1659749  867.1  100
 2016   11  203  902.55  -18.75  -18.71   92.1 -999.00    6.09   291.4  -999.0  -999.0    -1.3  -999.0     0.3  -999.0 -999.000  204.2  232.1    2.052   79.8346401   25.1659132  863.5  100
 2016   12  204  895.52  -26.46  -26.46   95.2 -999.00    5.59   295.3  -999.0  -999.0    -1.2  -999.0     0.3  -999.0 -999.000  179.6  205.0    1.962   79.8346471   25.1659675  867.1  100
 2017    1  205  896.53  -32.68  -32.65   96.6 -999.00    6.38   286.2  -999.0  -999.0    -1.4  -999.0     0.5  -999.0 -999.000  155.9  185.3    1.914   79.8346380   25.1659114  865.0  100
 2017    2  206  899.52  -29.47  -29.47   94.8 -999.00    6.02   265.4  -999.0  -999.0    -0.6  -999.0     1.1  -999.0 -999.000  166.9  195.7    1.848 -999.0000000 -999.0000000 -999.0  100
 2017    3  207  898.90  -30.01  -29.90   87.0 -999.00    5.70   279.9  -999.0  -999.0    45.2  -999.0    35.8  -999.0 -999.000  143.6  189.7    1.847   79.8346652   25.1656925  860.9  100
 2017    4  208  909.41  -25.22  -24.79   86.3 -999.00    4.06   277.5  -999.0  -999.0   170.2  -999.0   139.2  -999.0 -999.000  162.9  207.9    1.825   79.8346623   25.1657064  865.3  100
 2017    5  209  916.63  -13.64  -12.85   79.3    1.05    3.20   273.8  -999.0  -999.0   322.6   321.7   264.0   264.0    0.823  192.1  252.3    1.740   79.8346730   25.1656350  868.9  100
 2017    6  210  910.39   -2.35   -1.60   79.2    2.78    4.02   274.2  -999.0  -999.0   370.6   368.8   295.7   295.4    0.799  243.2  301.1    1.820   79.8346744   25.1656318  866.6  100
 2017    7  211  905.67    0.60    1.13   78.0    3.44    4.64   283.9  -999.0  -999.0   326.5   327.8   218.8   218.3    0.659  251.6  311.9    2.064   79.8346817   25.1655323  866.7  100
 2017    8  212  905.57   -2.94   -2.65   81.6    2.80    4.72   290.6  -999.0  -999.0   186.7   183.6   130.7   130.5    0.712  247.8  296.3    2.235   79.8346928   25.1655039  868.2  100
 2017    9  213  906.71  -12.02  -11.85   86.5    1.44    4.66   270.6  -999.0  -999.0    64.6    61.0    54.2    54.2 -999.000  229.4  257.2    1.991   79.8346951   25.1654781  866.9  100
 2017   10  214  904.76  -18.39  -18.36   92.4    0.90    4.19   273.5    23.7     1.7     5.0     5.7     5.2     5.1 -999.000  210.9  233.2    1.826   79.8347031   25.1654066  864.8  100
 2017   11  215  911.00  -24.97  -24.95   89.3    0.44    5.08   271.9    25.6     0.0    -1.2     0.0     0.2     0.0 -999.000  186.1  209.9    1.794   79.8347164   25.1653808  865.9  100
 2017   12  216  902.66  -25.08  -25.03   94.3    0.47    5.01   287.1    20.9     0.9    -1.2     0.0     0.2     0.0 -999.000  189.3  210.8    1.750   79.8347179   25.1653718  868.7  100
 2018    1  217  902.99  -29.54  -29.54   94.4    0.31    4.68   291.5    16.4     0.3    -1.2     0.0     0.3     0.0 -999.000  179.4  197.2    1.706   79.8347201   25.1653143  861.6  100
 2018    2  218  902.46  -22.80  -22.78   93.7    0.69    5.73   256.9    20.9     1.3    -0.3     0.9     1.0     0.8 -999.000  196.5  219.7    1.610   79.8347408   25.1652183  866.2   78
 2018    3  219  912.04  -28.73  -28.70   94.3    0.31    4.67   280.5    30.2     1.4    42.7    38.9    33.1    34.1 -999.000  172.0  196.1    1.482 -999.0000000 -999.0000000 -999.0   12
 2018    4  220  906.61  -24.09  -23.63   83.1    0.45    4.08   275.8    26.0    -1.1   173.3   165.9   141.7   142.2 -999.000  163.3  211.5    1.469   79.8347348   25.1651833  864.0  100
 2018    5  221  902.57  -11.95  -11.27   85.1    1.40    4.20   312.5     3.3    -7.9   270.7   271.7   238.0   238.0    0.888  226.1  262.7    1.120   79.8347450   25.1651228  864.3  100
 2018    6  222  906.19   -4.59   -3.82   80.4    2.41    4.17   314.0     7.6   -18.7   355.1   353.2   295.0   294.6    0.837  243.4  291.9    1.108   79.8347512   25.1651202  865.1  100
 2018    7  223  904.00   -1.23   -0.55   77.6    2.98    4.11   288.9    11.9   -24.0   338.9   335.2   267.3   267.2    0.803  243.5  305.2    1.311   79.8347602   25.1649814  865.0  100
 2018    8  224  905.01   -2.56   -2.16   82.9    2.93    3.27   275.8    10.4   -12.2   201.8   199.9   148.7   148.8    0.747  243.9  299.4    1.389   79.8347708   25.1649281  866.3  100
 2018    9  225  905.08  -14.84  -14.63   87.4    1.09    4.22   282.0    25.2    -0.2    68.7    75.4    56.4    56.5 -999.000  209.2  245.6    1.406   79.8347725   25.1649534  867.5  100
 2018   10  226  902.43  -18.14  -18.09   92.5    0.85    5.52   305.1    20.4     0.7     4.6     6.8     5.2     5.2 -999.000  213.9  234.4    1.293   79.8347844   25.1648596  864.0  100
 2018   11  227  908.26  -24.22  -24.22   90.1    0.48    4.84   288.7    25.1     0.5    -1.6     0.0     0.3     0.0 -999.000  180.3  212.0    1.198   79.8348114   25.1647130  861.7  100
 2018   12  228  899.94  -29.20  -29.22   90.2    0.29    4.99   282.3    30.6     0.7    -1.8     0.0     0.4     0.0 -999.000  160.7  195.3    1.148 -999.0000000 -999.0000000 -999.0  100
 2019    1  229  904.63  -32.06  -31.84   91.9    0.22    4.71   278.0    19.1     0.2    -1.4     0.0     0.4     0.0 -999.000  168.9  187.9    0.974 -999.0000000 -999.0000000 -999.0  100
 2019    2  230  902.49  -31.94  -31.84   90.3    0.23    4.03   273.2    29.8     0.7     0.2     0.8     1.3     0.7 -999.000  160.8  186.4    0.894   79.8348167   25.1645907  862.6  100
 2019    3  231  895.82  -32.17  -31.75   92.0    0.23    5.04   295.7    23.8     0.3    38.7    37.1    30.9    31.1 -999.000  157.5  186.9    0.888 -999.0000000 -999.0000000 -999.0  100
 2019    4  232  907.92  -18.66  -18.04   76.7    0.71    4.49   271.5    33.6    -4.0   165.4   164.3   137.7   137.9 -999.000  179.3  230.2    0.917   79.8348088   25.1646073  865.4  100
 2019    5  233  920.55   -9.47   -8.69   75.0    1.45    2.84   284.4    14.8    -6.8   307.1   305.4   252.9   252.9    0.830  209.9  266.1    0.923   79.8348385   25.1645296  863.5  100
 2019    6  234  914.49   -0.37    0.15   73.7    3.00    5.03   298.3    34.3   -24.8   347.6   350.6   280.5   279.5    0.800  252.3  304.9    1.065 -999.0000000 -999.0000000 -999.0   86
 2019    7  235  915.90    0.88    1.04   79.8    3.53    3.69   312.8  -999.0  -999.0   273.4   274.0   223.1   223.1    0.837  262.3  315.7    1.879   79.8297432   25.1593003  865.4  100
 2019    8  236  912.76   -0.76   -1.98   84.6    3.34    4.44    19.9  -999.0  -999.0   126.4   128.9   115.9   116.5    0.905  272.0  310.1    2.599   79.8273017   25.1568622  865.9  100
 2019    9  237  907.89   -9.73  -11.06   82.9    1.66    6.12    19.9  -999.0  -999.0    47.8    55.9    53.8    53.9 -999.000  240.2  269.0    2.502   79.8273017   25.1568622  865.9  100
 2019   10  238  907.52  -17.23  -18.57   78.8    0.91    6.43     1.7  -999.0  -999.0     4.2     7.2     6.3     7.0 -999.000  196.5  236.5    2.454   79.8273017   25.1568622  864.1  100
 2019   11  239  905.57  -26.05  -27.34   83.4 -999.00    5.03   340.6  -999.0  -999.0    -1.2  -999.0     0.5  -999.0 -999.000  180.3  206.7    2.452   79.8273017   25.1568622  864.7  100
 2019   12  240  901.19  -26.28  -27.57   85.6 -999.00    3.41   345.0  -999.0  -999.0    -0.9  -999.0     0.3  -999.0 -999.000  188.0  206.8    2.369   79.8273017   25.1568622  864.0  100
 2020    1  241  894.06  -31.44  -32.71   87.0 -999.00    5.66   359.8  -999.0  -999.0    -0.8  -999.0     0.4  -999.0 -999.000  170.9  190.2    2.349   79.8273017   25.1568622  863.9  100
 2020    2  242  890.66  -31.86  -33.04   89.1 -999.00    6.09    10.6  -999.0  -999.0     0.3  -999.0     1.7  -999.0 -999.000  161.4  188.2    2.331   79.8288584   25.1582942  865.8  100
 2020    3  243  897.52  -31.51  -32.49   85.0 -999.00    7.22    16.6  -999.0  -999.0    34.7  -999.0    36.0  -999.0 -999.000  155.7  189.8    2.338   79.8348331   25.1637484  864.2  100
 2020    4  244  905.23  -17.15  -18.40   76.4 -999.00    7.98    18.0  -999.0  -999.0   139.3  -999.0   141.9  -999.0 -999.000  196.7  240.2    2.294   79.8348377   25.1637118  865.6  100
 2020    5  245  910.47  -11.21  -12.23   86.0    1.56    5.33    30.3  -999.0  -999.0   200.2   241.7   236.5   237.5 -999.000  239.8  268.8    2.261   79.8348404   25.1636677  866.3  100
 2020    6  246  912.33   -2.17   -3.07   81.2    2.94    4.41    15.3  -999.0  -999.0   253.2   304.2   282.8   287.9 -999.000  268.3  307.6    2.216   79.8348479   25.1636154  866.6  100
 2020    7  247  912.85    0.64   -0.35   88.2    3.84    4.12    18.6  -999.0  -999.0   178.1   194.0   166.0   171.7    0.889  293.0  318.6    2.502   79.8337168   25.1625590  865.8  100
 2020    8  248  907.47   -1.54   -2.56   86.4    3.25    4.93    20.2  -999.0  -999.0   115.2   137.1   118.0   121.5 -999.000  277.4  307.8    2.411   79.8273017   25.1568622  865.1  100
 2020    9  249  903.77  -12.98  -14.16   86.1    1.29    5.03    19.5  -999.0  -999.0    42.9    56.1    49.6    49.3 -999.000  229.1  257.6    2.392   79.8295097   25.1586677  864.4  100
 2020   10  250  909.19  -20.09  -21.31   83.2 -999.00    4.60   339.9  -999.0  -999.0     3.2     6.7     5.1     5.9 -999.000  203.4  228.6    2.375   79.8348797   25.1631937  865.6  100
 2020   11  251  892.00  -23.46  -24.68   83.9 -999.00    6.98    11.0  -999.0  -999.0    -1.1  -999.0     0.4  -999.0 -999.000  185.3  216.2    2.367   79.8348791   25.1633350  864.0  100
 2020   12  252  906.65  -27.57  -28.80   88.9 -999.00    4.55   353.6  -999.0  -999.0    -0.8  -999.0     0.3  -999.0 -999.000  185.2  203.0    2.299   79.8348901   25.1628776  863.7  100
 2021    1  253  910.48  -25.37  -26.59   88.3 -999.00    5.04     3.9  -999.0  -999.0    -0.9  -999.0     0.3  -999.0 -999.000  191.9  210.5    2.264   79.8348966   25.1632447  864.1  100
 2021    2  254  907.18  -25.49  -26.70   85.3 -999.00    5.33   343.2  -999.0  -999.0     0.1  -999.0     1.4  -999.0 -999.000  189.3  209.7    2.214   79.8349051   25.1631935  864.2  100
 2021    3  255  900.81  -29.46  -30.62   85.8 -999.00    6.48    13.8  -999.0  -999.0    29.1  -999.0    34.7  -999.0 -999.000  171.3  196.9    2.191   79.8349056   25.1631545  864.5  100
 2021    4  256  913.73  -20.76  -21.80   78.0 -999.00    6.74    18.3  -999.0  -999.0   118.1  -999.0   142.2  -999.0 -999.000  188.4  227.4    2.090   79.8349139   25.1630988  866.2  100
 2021    5  257  914.12  -11.00  -11.71   78.0    1.37    4.30   353.0  -999.0  -999.0   222.8   302.8   259.9   270.4 -999.000  222.3  269.0    2.056   79.8349225   25.1630646  865.7  100
 2021    6  258  905.44   -2.87   -3.53   79.1    2.67    5.19    21.0  -999.0  -999.0   257.1   327.6   294.8   301.9 -999.000  260.1  304.6    1.916   79.8349277   25.1630222  866.1  100
 2021    7  259  905.41   -0.19   -0.90   77.8    3.24    5.35    10.4  -999.0  -999.0   220.3   280.3   237.5   245.8 -999.000  273.3  315.5    2.081   79.8349344   25.1629859  865.9  100
 2021    8  260  907.92   -1.42   -2.25   84.0    3.17    4.03     2.0  -999.0  -999.0   128.0   162.1   130.3   148.2 -999.000  271.8  308.6    2.390   79.8349389   25.1629264  865.0  100
 2021    9  261  909.54  -10.50  -11.62   85.9    1.56    5.49    28.0  -999.0  -999.0    41.7  -999.0    50.0  -999.0 -999.000  247.4  267.9    2.252   79.8349474   25.1628909  866.0  100
 2021   10  262  908.63  -19.92  -21.11   84.1    0.80    5.21   358.1  -999.0  -999.0     3.0  -999.0     5.4  -999.0 -999.000  202.0  230.6    2.205   79.8349559   25.1628328  864.8  100
 2021   11  263  906.80  -25.88  -27.07   88.3 -999.00    4.70     4.7  -999.0  -999.0    -1.1  -999.0     0.4  -999.0 -999.000  196.5  209.3    2.141   79.8349629   25.1627820  866.0  100
 2021   12  264  901.68  -24.50  -25.70   84.6 -999.00    5.09   348.4  -999.0  -999.0    -1.1  -999.0     0.4  -999.0 -999.000  192.5  212.2    2.129   79.8349663   25.1627268  864.5  100
 2022    1  265 -999.00 -999.00 -999.00 -999.0 -999.00 -999.00  -999.0  -999.0  -999.0  -999.0  -999.0  -999.0  -999.0 -999.000 -999.0 -999.0 -999.000 -999.0000000 -999.0000000 -999.0  100
