 Year MonthOfYear MonthOfCentury AirPressure(hPa) AirTemperature(C) AirTemperatureHygroClip(C) RelativeHumidity(%) SpecificHumidity(g/kg) WindSpeed(m/s) WindDirection(d) SensibleHeatFlux(W/m2) LatentHeatFlux(W/m2) ShortwaveRadiationDown(W/m2) ShortwaveRadiationDown_Cor(W/m2) ShortwaveRadiationUp(W/m2) ShortwaveRadiationUp_Cor(W/m2) Albedo_theta<70d LongwaveRadiationDown(W/m2) LongwaveRadiationUp(W/m2) HeightSensorBoom(m) LatitudeGPS_HDOP<1(degN) LongitudeGPS_HDOP<1(degW) ElevationGPS_HDOP<1(m) FanOK(%)
 2009    5  113  952.77    0.50    0.13   73.0    2.99    3.24    90.5    16.4    -7.2   266.6   262.5   201.8   201.3    0.777  275.0  308.7    2.313   65.6925614   37.8255370  464.9  100
 2009    6  114  963.07    2.52    2.23   73.3    3.44    2.30   102.6    12.0    -5.2   317.7   314.8   216.2   215.7    0.689  277.5  315.3    2.408   65.6925596   37.8255752  464.8  100
 2009    7  115  962.61    5.48    5.03   74.9    4.33    2.36    79.2    18.2     5.0   246.4   243.1   135.3   135.2    0.561  301.3  319.7    2.441   65.6925535   37.8256197  464.1  100
 2009    8  116  956.08    3.99    3.48   78.9    4.19    2.09    70.7  -999.0  -999.0   189.0   186.7    36.2    36.2    0.183  292.5  317.0    2.470   65.6925391   37.8256496  458.3  100
 2009    9  117  947.48   -0.08   -0.60   73.6    3.07    2.86    36.4  -999.0  -999.0   109.2   106.7    42.8    43.3    0.404  268.5  303.5    2.373   65.6925347   37.8256704  457.8  100
 2009   10  118  955.19   -4.39   -4.97   73.7    2.07    3.63    45.2  -999.0  -999.0    43.5    49.8    35.1    38.0 -999.000  261.1  281.5    2.191   65.6925441   37.8257005  461.9  100
 2009   11  119  946.73   -6.45   -7.06   75.7 -999.00    4.05    49.2  -999.0  -999.0     8.4  -999.0     7.8  -999.0 -999.000  247.4  271.8    2.017 -999.0000000 -999.0000000 -999.0  100
 2009   12  120  959.28   -5.19   -5.80   66.7 -999.00    4.72    51.9  -999.0  -999.0     0.9  -999.0     1.6  -999.0 -999.000  246.6  274.7 -999.000 -999.0000000 -999.0000000 -999.0  100
 2010    1  121  948.03   -2.83   -3.42   72.4 -999.00    4.56    50.0  -999.0  -999.0     4.1  -999.0     4.2  -999.0 -999.000  263.8  285.8    1.788 -999.0000000 -999.0000000 -999.0  100
 2010    2  122  962.88   -9.00   -9.59   69.8 -999.00    4.10    51.4  -999.0  -999.0    39.3  -999.0    32.2  -999.0 -999.000  225.2  259.4    1.275 -999.0000000 -999.0000000 -999.0  100
 2010    3  123  955.93   -7.13   -7.73   98.3 -999.00    3.49    43.4  -999.0  -999.0   101.7  -999.0    62.3  -999.0 -999.000  252.9  275.8 -999.000 -999.0000000 -999.0000000 -999.0   20
 2010    4  124  959.04   -4.99   -5.58  100.0 -999.00    2.22    54.9  -999.0  -999.0   225.3  -999.0    67.2  -999.0 -999.000  237.4  284.9 -999.000 -999.0000000 -999.0000000 -999.0 -999
 2010    5  125  964.45    0.38    0.25   79.3    3.18    1.90    47.2    13.2   -10.5   303.7   297.2   218.5   217.5    0.735  267.2  309.9    0.476 -999.0000000 -999.0000000 -999.0   86
 2010    6  126  959.90    4.75    4.43   71.9    3.96    3.30    58.3  -999.0  -999.0   274.0   273.3   185.9   185.5    0.692  292.0  317.9 -999.000 -999.0000000 -999.0000000 -999.0   60
 2010    7  127  955.79    5.52    5.17   73.9    4.33    2.25    69.9  -999.0  -999.0   285.3   280.3   104.4   103.5    0.371  289.3  319.5 -999.000   65.6925006   37.8259849  460.0  100
 2010    8  128 -999.00 -999.00 -999.00 -999.0 -999.00 -999.00  -999.0  -999.0  -999.0  -999.0  -999.0  -999.0  -999.0 -999.000 -999.0 -999.0 -999.000 -999.0000000 -999.0000000 -999.0  100
 2010    9  129 -999.00 -999.00 -999.00 -999.0 -999.00 -999.00  -999.0  -999.0  -999.0  -999.0  -999.0  -999.0  -999.0 -999.000 -999.0 -999.0 -999.000 -999.0000000 -999.0000000 -999.0 -999
 2010   10  130 -999.00 -999.00 -999.00 -999.0 -999.00 -999.00  -999.0  -999.0  -999.0  -999.0  -999.0  -999.0  -999.0 -999.000 -999.0 -999.0 -999.000 -999.0000000 -999.0000000 -999.0  100
 2010   11  131  961.04   -5.78   -7.68   67.3    1.72    2.51    40.9    15.1    -2.1     8.8    14.0     7.6     3.4 -999.000  240.7  268.4    2.463   65.6924445   37.8261468  458.2  100
 2010   12  132  964.53   -4.33   -6.28   57.9    1.65    3.61    26.3    29.0    -6.9     0.9     1.9     1.9     0.8 -999.000  238.0  273.0    2.428   65.6924494   37.8261532  455.8  100
 2011    1  133  953.00   -8.21  -10.14   69.2    1.45    3.14    30.4    20.4    -2.5     3.6     6.0     4.0     3.6 -999.000  234.4  260.3    2.269   65.6924356   37.8262025  458.8  100
 2011    2  134  934.09   -6.73   -8.58   69.9    1.75    5.76    40.6    30.0    -9.8    28.2    27.8    23.0    20.8 -999.000  248.0  270.2    1.742 -999.0000000 -999.0000000 -999.0  100
 2011    3  135  946.79  -13.05  -14.79   78.4    1.20    4.76   341.9    21.0    -1.9   112.3    96.5    85.3    84.0 -999.000  216.7  250.4    1.279 -999.0000000 -999.0000000 -999.0  100
 2011    4  136  934.79   -5.71   -7.31   90.8    2.36    4.52    38.7    15.3    -2.3   173.9   161.7   133.0   128.3    0.791  271.6  284.7    0.681   65.6924302   37.8262590  456.1   73
 2011    5  137  960.83   -2.16   -3.56   91.4    3.05    2.01    57.5  -999.0  -999.0   300.6   290.2   178.4   182.7    0.613  252.0  300.5    0.400   65.6924282   37.8262800  459.7   74
 2011    6  138  966.84    2.23    1.19   69.6    3.23    1.79    48.4    15.7    -7.7   358.1   350.5   233.6   232.8    0.676  258.7  313.2    0.845 -999.0000000 -999.0000000 -999.0  100
 2011    7  139  960.45    4.61    3.22   79.2    4.35    2.93    59.1    18.8     4.7   262.5   254.2   153.7   152.6    0.592  296.5  319.4    2.119   65.6924228   37.8263405  457.3  100
 2011    8  140  962.30    4.11    3.22   74.3    3.93    2.10    72.6  -999.0  -999.0   193.7   177.7    81.4    75.1    0.404  290.8  317.3    2.657   65.6924189   37.8263703  454.4  100
 2011    9  141  947.60    2.19    1.60   78.4    3.70    2.13    83.7    10.6    -1.2    83.6    74.2    28.7    26.2    0.352  298.2  314.7    2.630   65.6924139   37.8263918  451.8  100
 2011   10  142  946.02   -3.68   -4.35   68.8    2.09    2.85    58.0    12.3    -6.8    44.4    41.9    31.6    22.4 -999.000  260.0  286.1    2.448   65.6924143   37.8264123  451.2  100
 2011   11  143  939.05   -4.61   -5.32   76.9    2.35    3.88    62.7    17.1    -6.0     6.6     7.5     6.3     4.7 -999.000  273.3  285.4    2.000   65.6924032   37.8264537  452.5  100
 2011   12  144  938.17  -13.12  -13.94   69.5    1.00    4.23    59.3    27.5    -3.4     1.0     1.0     1.7     0.7 -999.000  212.9  243.7    1.868 -999.0000000 -999.0000000 -999.0  100
 2012    1  145  939.20   -6.63   -7.39   76.1    1.87    5.43    73.9    25.3   -10.2     3.4     2.5     3.5     2.1 -999.000  258.7  275.4    1.441 -999.0000000 -999.0000000 -999.0  100
 2012    2  146  944.89   -8.77   -9.53   74.1    1.67    3.91    88.4    26.4    -5.2    28.6    20.3    25.6    19.0 -999.000  244.1  264.8    0.828 -999.0000000 -999.0000000 -999.0  100
 2012    3  147  941.74   -7.51   -8.21   87.0    2.03    4.50    64.1    26.4    -2.3    85.2    71.4    73.9    65.9 -999.000  253.5  275.7    0.438 -999.0000000 -999.0000000 -999.0   48
 2012    4  148  960.44   -4.79   -5.22   77.3    2.10    2.71    91.8    12.2   -14.9   173.1   153.6   145.0   134.4    0.870  260.4  289.6    0.470 -999.0000000 -999.0000000 -999.0  100
 2012    5  149  964.10   -1.44   -1.65   75.2    2.61    1.70    99.4    10.8    -9.5   268.3   252.2   211.7   209.8    0.837  265.4  303.7    0.465 -999.0000000 -999.0000000 -999.0  100
 2012    6  150  965.13    3.46    3.16   71.1    3.57    1.51    96.5  -999.0  -999.0   338.5   322.1   227.4   229.7    0.721  267.7  318.3    1.257 -999.0000000 -999.0000000 -999.0  100
 2012    7  151  960.06    5.57    5.13   71.7    4.17    2.10   102.2  -999.0  -999.0   270.8   248.6   143.6   141.2    0.559  294.8  321.7 -999.000   65.6923794   37.8266218  452.5  100
 2012    8  152  958.68    4.86    4.30   76.6    4.29    2.44    92.9  -999.0  -999.0   201.8   165.4    55.9    51.0    0.314  288.2  319.5 -999.000   65.6923722   37.8266484  451.9  100
 2012    9  153  951.53    0.98    0.45   75.5    3.25    2.66    72.0  -999.0  -999.0   111.9   102.0    37.7    36.3    0.370  275.8  310.7    2.691   65.6923689   37.8267128  451.3  100
 2012   10  154  959.36   -1.65   -2.24   70.7    2.48    3.62    69.0    23.2    -7.6    45.5    45.9    35.1    34.1 -999.000  263.1  292.2    2.339   65.6923705   37.8267437  450.4  100
 2012   11  155  950.43   -5.97   -6.64   66.6    1.72    4.50    63.9    30.7    -5.1     7.8     9.1     7.4     6.8 -999.000  243.0  270.3    2.087 -999.0000000 -999.0000000 -999.0  100
 2012   12  156  952.79   -6.46   -7.12   80.7    2.02    4.76    71.9    26.1    -1.6     0.9     1.6     1.6     1.2 -999.000  257.5  273.6    1.541 -999.0000000 -999.0000000 -999.0  100
 2013    1  157  941.69   -5.19   -5.84   80.9    2.24    6.02    71.6    35.7    -6.8     4.0     5.1     4.1     3.8 -999.000  269.3  282.3    0.922 -999.0000000 -999.0000000 -999.0  100
 2013    2  158  949.92   -5.65   -6.31   87.7    2.27    3.96    74.5  -999.0  -999.0    23.6    24.5    20.0    18.6 -999.000  269.5  281.1 -999.000 -999.0000000 -999.0000000 -999.0   82
 2013    3  159  969.57   -8.44   -9.13  100.0    1.96    1.51  -999.0  -999.0  -999.0    11.8     1.2     1.0     0.9 -999.000  267.8  273.7 -999.000 -999.0000000 -999.0000000 -999.0 -999
 2013    4  160  958.59   -7.62   -8.30  100.0 -999.00    1.53  -999.0  -999.0  -999.0     0.3  -999.0     0.4  -999.0 -999.000 -999.0 -999.0 -999.000 -999.0000000 -999.0000000 -999.0   17
 2013    5  161  957.00   -2.05   -2.69  100.0    3.51    0.20  -999.0  -999.0  -999.0     0.1     0.0    -0.1     0.0 -999.000  303.6  301.5 -999.000   65.6923454   37.8268974  453.8 -999
 2013    6  162  954.67    3.09    2.50   83.1    4.02    1.84    79.1  -999.0  -999.0   130.6   125.9    63.6    61.0    0.396  301.3  314.8    0.536 -999.0000000 -999.0000000 -999.0   23
 2013    7  163  956.60    4.52    4.18   75.0    4.09    2.22    85.1    20.2     3.5   288.9   260.8   173.2   155.9    0.629  295.2  319.7    1.377 -999.0000000 -999.0000000 -999.0  100
 2013    8  164  949.52    3.47    2.98   76.1    3.91    2.63    77.0    17.7    -1.3   218.4   177.6    95.1    84.4    0.489  291.2  316.8    2.401   65.6923337   37.8269985  451.0  100
 2013    9  165  951.66   -0.09   -0.11   67.2    2.74    3.25    68.0    18.1   -12.1   107.7   105.5    70.3    70.0    0.670  263.8  302.1    2.483   65.6923403   37.8270150  452.1  100
 2013   10  166  955.72   -4.56   -4.63   75.3    2.21    2.89    74.1    11.2    -2.1    38.1    31.4    25.2    24.9 -999.000  248.5  283.4    2.509 -999.0000000 -999.0000000 -999.0  100
 2013   11  167  946.96   -6.57   -6.65   76.8    1.87    4.61    61.0    23.4    -4.1     5.8     7.5     6.3     6.0 -999.000  249.5  273.6    2.427   65.6923310   37.8270432  453.1  100
 2013   12  168  936.50   -9.31   -9.42   69.7    1.39    4.37    54.7    27.5    -4.2    -0.3     1.4     1.4     1.1 -999.000  227.0  257.3    2.099   65.6923310   37.8270432  453.1  100
 2014    1  169  942.78   -4.55   -4.64   73.1    2.10    4.97    76.8    25.7    -8.6     3.2     4.2     3.8     3.7 -999.000  264.6  282.4    1.517   65.6923310   37.8270432  453.1  100
 2014    2  170  942.08   -5.96   -6.02   70.2    1.79    6.00    74.8    32.0   -16.5    23.2    22.8    20.5    20.4 -999.000  255.7  277.2    1.215   65.6923310   37.8270432  453.1  100
 2014    3  171  942.77   -7.99   -7.93   78.1    1.73    4.59    57.5    22.1    -5.1    78.9    80.3    71.3    70.7 -999.000  248.3  271.5    1.061   65.6923310   37.8270432  453.1  100
 2014    4  172  951.59   -4.18   -3.86   84.6    2.53    3.92    69.4  -999.0  -999.0   157.9   157.4   131.7   130.9    0.839  275.0  294.1 -999.000 -999.0000000 -999.0000000 -999.0  100
 2014    5  173  959.78    0.16    0.80   68.5    2.70    2.27    64.9  -999.0  -999.0   253.5   250.9   194.2   193.4    0.781  268.3  309.5 -999.000 -999.0000000 -999.0000000 -999.0  100
 2014    6  174  962.91    3.54    3.99   77.0    3.91    2.47    87.6    23.5     4.6   257.1   255.4   175.4   174.9    0.696  295.1  319.5    1.522 -999.0000000 -999.0000000 -999.0   96
 2014    7  175  957.71    5.04    5.17   71.5    4.02    2.12    91.6    13.9     0.5   275.7   273.1   108.4   108.2    0.374  285.9  321.1    2.298   65.6923075   37.8272532  452.4   93
 2014    8  176  959.35    5.36    5.46   67.3    3.88    2.64    84.6    22.4     2.5   203.9   198.2    42.2    41.9    0.216  285.3  320.5    2.694   65.6922984   37.8272782  448.9  100
 2014    9  177  948.78    1.82    1.90   78.2    3.64    3.82    72.5    16.6    -7.3    88.5    82.3    38.0    37.6    0.512  291.3  313.5    2.615   65.6922931   37.8273053  447.1  100
 2014   10  178  952.98   -4.08   -4.04   67.2    1.98    2.53    62.0    15.9    -3.7    47.0    44.7    36.1    36.0 -999.000  246.4  279.9    2.422 -999.0000000 -999.0000000 -999.0  100
 2014   11  179  946.77   -3.77   -3.82   78.5    2.41    4.16    86.8    17.4    -0.5     7.0     9.7     6.9     6.3 -999.000  269.1  284.9    2.148 -999.0000000 -999.0000000 -999.0  100
 2014   12  180  940.75   -8.69   -8.72   82.2    1.71    4.79    57.9    24.9    -1.5     0.3     1.8     1.6     0.9 -999.000  246.7  267.0    1.127   65.6922740   37.8274377  450.1  100
 2015    1  181  935.85   -8.75   -8.78   83.6    1.66    4.24    60.5    26.3    -0.9     3.3     7.4     3.9     2.2 -999.000  248.8  267.4    0.682   65.6922740   37.8274377  450.1  100
 2015    2  182  939.87  -12.68  -12.68   95.6    1.44    4.06    41.1  -999.0  -999.0    18.7    18.9    16.8     3.2 -999.000  243.7  257.3 -999.000   65.6922740   37.8274377  450.1   57
 2015    3  183  935.67   -7.07   -7.12  100.0 -999.00    4.20    75.4  -999.0  -999.0    17.7  -999.0     8.0  -999.0 -999.000 -999.0  281.6 -999.000   65.6922740   37.8274377  450.1   15
 2015    4  184  952.87   -4.82   -4.85  100.0 -999.00    0.44  -999.0  -999.0  -999.0     0.6  -999.0     0.1  -999.0 -999.000 -999.0  294.8 -999.000 -999.0000000 -999.0000000 -999.0   21
 2015    5  185  954.24   -2.03   -2.07  100.0 -999.00    0.00  -999.0  -999.0  -999.0     0.3  -999.0    -0.0  -999.0 -999.000 -999.0  305.0 -999.000 -999.0000000 -999.0000000 -999.0   15
 2015    6  186  961.31    1.36    1.33   93.4 -999.00    0.61  -999.0  -999.0  -999.0    10.1  -999.0     6.0  -999.0 -999.000 -999.0  315.5 -999.000 -999.0000000 -999.0000000 -999.0 -999
 2015    7  187  966.03    5.07    5.24   72.4    4.03    1.72    90.3    17.6     0.2   272.2   256.5   154.9   151.7    0.617  291.9  318.8    0.908 -999.0000000 -999.0000000 -999.0 -999
 2015    8  188  958.25    3.87    3.08   74.0    3.83    1.88    90.5    10.6    -1.2   215.7   202.1   126.4   125.4    0.627  288.5  317.5    2.283   65.6922715   37.8275673  447.3   63
 2015    9  189  952.27    1.85    0.35   81.8    3.76    3.59    64.2    21.0     7.0    87.3    83.6    50.0    50.0    0.638  300.0  313.8    2.684   65.6922746   37.8276054  447.5  100
 2015   10  190  948.21   -3.34   -4.98   75.0    2.43    3.75    58.1    16.7    -6.0    49.0    40.9    35.7    35.5 -999.000  263.8  288.2    2.265   65.6922713   37.8276320  447.2  100
 2015   11  191  943.60   -6.61   -8.38   67.2    1.58    3.60    29.7    22.1    -7.8     9.5     8.4     8.1     7.5 -999.000  243.9  269.9    1.863   65.6922680   37.8276460  444.2  100
 2015   12  192  937.43   -8.25  -10.00   74.6    1.55    4.48    46.9    24.7   -11.0     0.8     1.3     1.7     1.2 -999.000  252.8  268.1    1.765 -999.0000000 -999.0000000 -999.0  100
 2016    1  193  945.37   -6.09   -7.77   70.3    1.85    4.90    54.0  -999.0  -999.0     4.2     4.5     4.4     4.0 -999.000  254.6  276.5 -999.000 -999.0000000 -999.0000000 -999.0  100
 2016    2  194  947.43   -7.41   -9.11   69.4    1.57    4.34    57.8  -999.0  -999.0    28.0    25.0    22.6    22.5 -999.000  249.4  269.4    1.342   65.6922575   37.8277012  445.3  100
 2016    3  195  946.31   -6.15   -7.63   84.9    2.14    4.19    64.4  -999.0  -999.0    98.9    91.0    77.3    76.1 -999.000  264.3  282.2 -999.000   65.6922605   37.8277294  446.5  100
 2016    4  196  963.22   -1.64   -2.78   68.7    2.34    3.50    63.1  -999.0  -999.0   214.3   204.2   153.7   153.9    0.769  259.5  299.9 -999.000   65.6922559   37.8277395  446.9  100
 2016    5  197  959.46   -0.48   -1.47   72.3    2.74    2.57    70.2  -999.0  -999.0   280.9   278.8   194.5   196.4    0.717  263.2  308.3 -999.000   65.6922550   37.8277680  447.3  100
 2016    6  198  960.15    3.59    2.52   81.4    4.16    2.62    75.2  -999.0  -999.0   241.8   242.5   158.1   159.2    0.669  306.6  319.6 -999.000   65.6922478   37.8278089  447.5  100
 2016    7  199  963.02    4.75    3.63   70.6    3.86    2.24    71.2  -999.0  -999.0   309.4   313.8   103.6   104.2    0.322  283.6  320.3 -999.000   65.6922473   37.8278315  446.5  100
 2016    8  200  958.60    3.96    3.22   76.5 -999.00    2.20    79.8  -999.0  -999.0   189.2  -999.0    44.4  -999.0 -999.000 -999.0 -999.0 -999.000   65.6922494   37.8278565  444.0  100
 2016    9  201  949.33    1.49    1.04   71.4 -999.00    2.61    70.9  -999.0  -999.0   100.9  -999.0    40.9  -999.0 -999.000 -999.0 -999.0    2.693   65.6922472   37.8278840  442.7  100
 2016   10  202  949.46    0.18   -0.35   81.9 -999.00    5.00    70.2  -999.0  -999.0    25.1  -999.0    15.2  -999.0 -999.000 -999.0 -999.0    2.593   65.6922441   37.8279060  442.3  100
 2016   11  203  948.02   -6.03   -6.70   81.0 -999.00    4.71    54.3  -999.0  -999.0     7.2  -999.0     7.1  -999.0 -999.000 -999.0 -999.0    2.148 -999.0000000 -999.0000000 -999.0  100
 2016   12  204  937.75   -7.39   -8.06   87.9 -999.00    4.10    61.2  -999.0  -999.0     0.8  -999.0     1.4  -999.0 -999.000 -999.0 -999.0    1.474   65.6922363   37.8279607  440.6  100
 2017    1  205  945.98   -9.95  -10.65   87.6 -999.00    4.59    61.0  -999.0  -999.0     3.6  -999.0     4.3  -999.0 -999.000 -999.0 -999.0    1.060   65.6922341   37.8279760  440.8  100
 2017    2  206  941.11   -6.36   -6.90   90.4 -999.00    3.84    79.3  -999.0  -999.0    25.6  -999.0    22.4  -999.0 -999.000 -999.0 -999.0 -999.000   65.6922245   37.8280140  440.7  100
 2017    3  207  949.53   -9.05   -9.59   83.4 -999.00    2.96    68.6  -999.0  -999.0    96.3  -999.0    78.1  -999.0 -999.000 -999.0 -999.0 -999.000   65.6922264   37.8280002  439.8   83
 2017    4  208  956.26   -5.18   -5.73   99.6 -999.00    3.82    77.1  -999.0  -999.0   125.2  -999.0    81.1  -999.0 -999.000 -999.0 -999.0 -999.000   65.6922285   37.8280243  440.6   31
 2017    5  209  964.71    0.16    0.19   86.6 -999.00    2.28    77.5  -999.0  -999.0   223.1  -999.0   156.4  -999.0 -999.000 -999.0 -999.0 -999.000   65.6922181   37.8280525  442.8  100
 2017    6  210  956.94    1.89    1.94   79.1 -999.00    1.73    88.8  -999.0  -999.0   318.5  -999.0   214.1  -999.0 -999.000 -999.0 -999.0 -999.000   65.6922166   37.8280853  442.5  100
 2017    7  211  954.95    3.93    3.82   74.9 -999.00    2.96    83.7  -999.0  -999.0   251.2  -999.0   143.6  -999.0 -999.000 -999.0 -999.0 -999.000   65.6922135   37.8281136  442.1  100
 2017    8  212  957.88    3.45    3.07   75.5 -999.00    1.87    86.4  -999.0  -999.0   204.6  -999.0    71.1  -999.0 -999.000 -999.0 -999.0    2.584   65.6922144   37.8281391  440.6  100
 2017    9  213  950.69    1.73    1.17   78.2 -999.00    2.61    75.8  -999.0  -999.0    80.2  -999.0    28.6  -999.0 -999.000 -999.0 -999.0    2.598   65.6922105   37.8281543  439.6  100
 2017   10  214  950.35   -0.23   -0.86   69.2 -999.00    3.14    67.7  -999.0  -999.0    36.2  -999.0    25.7  -999.0 -999.000 -999.0 -999.0    2.430   65.6922078   37.8281777  439.2  100
 2017   11  215  956.79   -7.32   -8.18   77.0 -999.00    4.02    52.8  -999.0  -999.0     6.2  -999.0     6.8  -999.0 -999.000 -999.0 -999.0    1.976 -999.0000000 -999.0000000 -999.0  100
 2017   12  216  952.15   -8.62   -9.55   69.9 -999.00    3.74    58.6  -999.0  -999.0     0.7  -999.0     1.9  -999.0 -999.000 -999.0 -999.0    1.753   65.6922001   37.8282262  438.8  100
 2018    1  217  942.60   -7.78   -8.60   76.9 -999.00    4.20    53.7  -999.0  -999.0     4.0  -999.0     4.3  -999.0 -999.000 -999.0 -999.0    1.411 -999.0000000 -999.0000000 -999.0  100
 2018    2  218  935.82   -8.94   -9.72   84.8 -999.00    5.73    58.4  -999.0  -999.0    22.7  -999.0    21.5  -999.0 -999.000 -999.0 -999.0    0.936   65.6921995   37.8282463  438.5  100
 2018    3  219  958.86   -7.74   -8.40   82.4 -999.00    2.78    69.2  -999.0  -999.0    66.5  -999.0    60.5  -999.0 -999.000 -999.0 -999.0    0.620   65.6921900   37.8282690  439.6  100
 2018    4  220  955.09   -3.92   -4.62  100.0 -999.00    2.03    62.9  -999.0  -999.0   112.5  -999.0    54.8  -999.0 -999.000 -999.0 -999.0 -999.000   65.6921851   37.8282974  439.4   63
 2018    5  221  947.36   -2.54   -3.17  100.0 -999.00    1.81  -999.0  -999.0  -999.0   131.0  -999.0    40.7  -999.0 -999.000 -999.0 -999.0 -999.000   65.6921836   37.8283081  441.0  100
 2018    6  222  957.13    0.43    0.55   89.5 -999.00    1.68    95.0  -999.0  -999.0   232.0  -999.0   155.1  -999.0 -999.000 -999.0 -999.0    0.496 -999.0000000 -999.0000000 -999.0  100
 2018    7  223  954.24    3.12    3.03   81.0 -999.00    2.24    81.3  -999.0  -999.0   236.0  -999.0   165.6  -999.0 -999.000 -999.0 -999.0    1.300   65.6921712   37.8283751  438.8  100
 2018    8  224  954.08    3.26    2.99   79.9 -999.00    2.52    80.7  -999.0  -999.0   183.6  -999.0   101.0  -999.0 -999.000 -999.0 -999.0    2.427   65.6921749   37.8284010  439.2  100
 2018    9  225  953.60    0.12   -0.34   81.0 -999.00    3.24    60.0  -999.0  -999.0    90.3  -999.0    43.6  -999.0 -999.000 -999.0 -999.0    2.641   65.6921695   37.8284299  438.5  100
 2018   10  226  946.98   -5.08   -5.76   72.3 -999.00    3.62    50.3  -999.0  -999.0    45.4  -999.0    35.8  -999.0 -999.000 -999.0 -999.0    2.231   65.6921662   37.8284465  437.9  100
 2018   11  227  954.99   -4.52   -5.26   68.5 -999.00    3.81    63.7  -999.0  -999.0     7.1  -999.0     6.9  -999.0 -999.000 -999.0 -999.0    2.080   65.6921678   37.8284808  440.1  100
 2018   12  228  948.30   -6.42   -7.23   74.5 -999.00    3.10    56.0  -999.0  -999.0     0.5  -999.0     1.6  -999.0 -999.000 -999.0 -999.0    1.840 -999.0000000 -999.0000000 -999.0  100
 2019    1  229  951.88   -9.52  -10.36   82.6 -999.00    4.31    64.3  -999.0  -999.0     4.1  -999.0     4.3  -999.0 -999.000 -999.0 -999.0    1.010 -999.0000000 -999.0000000 -999.0  100
 2019    2  230  948.77   -8.45   -9.22   82.1 -999.00    3.60    69.1  -999.0  -999.0    23.6  -999.0    20.7  -999.0 -999.000 -999.0 -999.0    0.660   65.6921564   37.8284978  438.2   75
 2019    3  231  943.46  -10.80  -11.47   89.0 -999.00    2.89  -999.0  -999.0  -999.0    93.9  -999.0    79.8  -999.0 -999.000 -999.0 -999.0 -999.000   65.6921552   37.8285078  436.3   67
 2019    4  232  955.73   -2.19   -2.70   98.9 -999.00    3.93  -999.0  -999.0  -999.0   121.8  -999.0    82.2  -999.0 -999.000 -999.0 -999.0 -999.000   65.6921444   37.8285630  437.7   56
 2019    5  233  969.73   -0.52   -0.32   86.8 -999.00    0.87  -999.0  -999.0  -999.0   238.6  -999.0   171.7  -999.0    0.749 -999.0 -999.0 -999.000   65.6921420   37.8285821  440.1  100
 2019    6  234  966.93    2.73    2.79   74.8 -999.00    1.27    80.1  -999.0  -999.0   296.8  -999.0   200.3  -999.0    0.697 -999.0 -999.0 -999.000   65.6921367   37.8286219  439.3  100
 2019    7  235  963.62    4.50    4.33   76.9 -999.00    1.79    85.6  -999.0  -999.0   253.7  -999.0   106.8  -999.0    0.416 -999.0 -999.0 -999.000   65.6921365   37.8286566  438.6  100
 2019    8  236  961.41    3.61    3.30   73.8    3.76    2.16    86.5    11.8    -2.1   208.2   207.6    47.7    47.3    0.222  277.5  319.0    2.532   65.6921317   37.8286765  436.7  100
 2019    9  237  955.28    0.93    0.45   72.7    3.18    2.71    64.4    13.4    -8.0    93.6    90.4    33.5    33.0    0.336  279.1  311.7    2.394   65.6921253   37.8286986  435.7  100
 2019   10  238  959.91   -2.78   -3.47   66.4    2.21    2.92    65.1    13.9    -7.3    42.2    42.7    21.7    17.6 -999.000  258.8  291.5    2.534   65.6921209   37.8287300  435.8  100
 2019   11  239  956.09   -3.91   -4.67   67.5    1.98    4.89    69.1    18.0   -18.6     6.5    10.7     5.9     5.4 -999.000  257.7  284.0    2.360   65.6921188   37.8287399  436.7  100
 2019   12  240  947.73   -8.72   -9.65   67.2    1.37    3.65    68.7    19.4    -4.3     0.9     2.1     2.0     1.3 -999.000  231.0  259.8    2.101 -999.0000000 -999.0000000 -999.0  100
 2020    1  241  933.68  -10.69  -11.57   77.4    1.36    6.88    29.8    23.4   -11.5     3.8     4.8     4.2     3.8 -999.000  233.9  261.3    1.076 -999.0000000 -999.0000000 -999.0  100
 2020    2  242  933.60   -9.19   -9.95   82.9    1.67    4.65    61.8    14.5    -8.8    29.1    26.6    24.1    23.7 -999.000  251.0  269.2    0.820   65.6921157   37.8287837  434.5  100
 2020    3  243  948.48  -10.47  -11.07   78.7    1.44    3.59    50.6    20.2    -7.3    95.2    86.6    78.2    76.7 -999.000  243.3  263.2    0.617   65.6921021   37.8288017  433.1   93
 2020    4  244  959.56   -4.50   -4.99   82.2    2.19    4.42    74.1  -999.0  -999.0   150.4   159.3    91.5   108.2    0.616  250.5  289.6 -999.000   65.6920957   37.8288256  434.6   70
 2020    5  245  960.51   -1.10   -1.21   89.8    3.23    2.19    79.7  -999.0  -999.0   237.4   236.2   103.5   112.5    0.453  267.9  310.3 -999.000   65.6920911   37.8288428  436.6  100
 2020    6  246  960.78    2.00    1.87   83.1    3.78    2.94    79.5    19.4    -4.4   194.5   192.0   138.1   137.0    0.734  309.4  318.4    0.877   65.6920884   37.8288792  436.9  100
 2020    7  247  960.03    3.28    3.29   76.8    3.79    1.81    91.3    11.4    -3.7   289.7   285.0   165.2   164.8    0.579  282.9  320.0    2.069   65.6920904   37.8289125  435.9  100
 2020    8  248  955.48    3.77    3.46   73.0    3.76    2.51    78.1    15.9    -4.7   184.6   177.4    66.3    65.9    0.369  288.6  319.1    2.665   65.6920888   37.8289363  435.7  100
 2020    9  249  950.28   -1.66   -2.14   81.6    2.92    2.78    67.9     6.4    -7.9    97.4    92.7    60.9    60.9    0.699  276.9  302.7    2.450   65.6920854   37.8289544  433.9   96
 2020   10  250  956.39   -0.90   -1.41   75.2    2.75    3.50    74.5    15.4   -12.9    37.4    37.4    29.1    29.1 -999.000  286.6  302.8    2.255   65.6920833   37.8289802  434.7   96
 2020   11  251  943.20   -7.50   -8.30   73.1    1.68    4.63    56.6    15.2    -8.4     7.8    10.4     7.3     6.5 -999.000  245.1  269.8    1.664 -999.0000000 -999.0000000 -999.0  100
 2020   12  252  955.68   -7.62   -8.42   69.3    1.51    3.77    52.6    19.6    -8.2     1.0     2.1     1.9     1.0 -999.000  241.3  267.5    1.327   65.6920682   37.8290122  432.6  100
 2021    1  253  960.99   -9.28  -10.08   73.4    1.49    3.88    67.8    27.9    -8.3     4.3     6.6     4.7     1.9 -999.000  238.6  263.2    0.864   65.6920786   37.8290196  434.2  100
 2021    2  254  949.45   -6.84   -7.43   88.3    2.14    3.72    68.5  -999.0  -999.0    21.5    18.9    14.1     3.1 -999.000  269.1  282.4 -999.000   65.6920679   37.8290453  432.4  100
 2021    3  255  950.19   -7.16   -7.87  100.0    2.27    3.94    79.8  -999.0  -999.0    26.1    20.8     6.1     2.2 -999.000  276.8  282.8 -999.000   65.6920623   37.8290684  433.9   17
 2021    4  256  966.22   -5.85   -6.43  100.0 -999.00    1.44  -999.0  -999.0  -999.0     2.1  -999.0     0.4  -999.0    0.306 -999.0 -999.0 -999.000   65.6920633   37.8290786  434.4   10
 2021    5  257  965.92   -1.90   -2.12   93.0    3.06    2.33  -999.0  -999.0  -999.0   168.8   168.1    71.7    73.5    0.406  281.5  311.4 -999.000   65.6920534   37.8291217  435.2   93
 2021    6  258  956.99    1.88    2.15   70.9    3.19    0.82  -999.0  -999.0  -999.0   292.3   290.2   194.7   194.0    0.683  277.2  316.1 -999.000   65.6920491   37.8291426  436.3  100
 2021    7  259  957.05    4.70    4.55   73.5    4.03    1.76    79.5  -999.0  -999.0   248.1   243.2   129.2   128.2    0.553  302.1  321.4 -999.000   65.6920515   37.8291811  435.4   96
 2021    8  260  958.77    5.34    4.92   76.0    4.35    1.88    83.0  -999.0  -999.0   153.9   148.3    40.6    40.2    0.264  314.5  321.9 -999.000   65.6920474   37.8292096  433.9   45
 2021    9  261  952.71   -0.20   -0.50   66.6    2.71    2.00    63.1  -999.0  -999.0    23.6  -999.0   120.6  -999.0 -999.000  305.7  198.9 -999.000 -999.0000000 -999.0000000 -999.0   10
 2021   10  262  958.43   -2.42   -2.80   61.1    1.99    1.82    60.7  -999.0  -999.0    13.1  -999.0    62.7  -999.0 -999.000  259.5  166.0 -999.000 -999.0000000 -999.0000000 -999.0 -999
 2021   11  263  953.70   -5.78   -6.22   76.7 -999.00    2.24    37.6  -999.0  -999.0    19.6  -999.0    -0.8  -999.0 -999.000  254.1  221.7 -999.000 -999.0000000 -999.0000000 -999.0 -999
 2021   12  264  950.45   -5.64   -6.11   67.0 -999.00    2.75    72.4  -999.0  -999.0    15.3  -999.0    -0.6  -999.0 -999.000  236.0  186.9 -999.000 -999.0000000 -999.0000000 -999.0 -999
 2022    1  265 -999.00 -999.00 -999.00 -999.0 -999.00 -999.00  -999.0  -999.0  -999.0  -999.0  -999.0  -999.0  -999.0 -999.000 -999.0 -999.0 -999.000 -999.0000000 -999.0000000 -999.0 -999
