 Year MonthOfYear MonthOfCentury AirPressure(hPa) AirTemperature(C) AirTemperatureHygroClip(C) RelativeHumidity(%) SpecificHumidity(g/kg) WindSpeed(m/s) WindDirection(d) SensibleHeatFlux(W/m2) LatentHeatFlux(W/m2) ShortwaveRadiationDown(W/m2) ShortwaveRadiationDown_Cor(W/m2) ShortwaveRadiationUp(W/m2) ShortwaveRadiationUp_Cor(W/m2) Albedo_theta<70d LongwaveRadiationDown(W/m2) LongwaveRadiationUp(W/m2) HeightSensorBoom(m) LatitudeGPS_HDOP<1(degN) LongitudeGPS_HDOP<1(degW) ElevationGPS_HDOP<1(m) FanOK(%)
 2007    8   92 -999.00 -999.00 -999.00 -999.0 -999.00 -999.00  -999.0  -999.0  -999.0  -999.0  -999.0  -999.0  -999.0 -999.000 -999.0 -999.0 -999.000 -999.0000000 -999.0000000 -999.0 -999
 2007    9   93  938.45    0.91    0.20   66.1    2.96    4.17   127.0    38.9   -18.1   122.7   112.5    67.6    66.2    0.594  263.0  306.6    2.482   64.4817136   49.5217966  500.1 -999
 2007   10   94  934.14   -3.31   -4.18   58.5    1.99    4.23   114.6    35.1   -23.7    66.9    58.7    30.3    26.7 -999.000  230.2  287.9    2.600   64.4817077   49.5220572  453.9 -999
 2007   11   95  938.40   -6.09   -7.06   71.0    1.95    4.29   134.8    30.1    -9.3    11.5    15.1     9.4     7.6 -999.000  243.5  276.8    2.651   64.4817333   49.5221667  585.5 -999
 2007   12   96  926.72  -12.99  -13.94   66.0    0.97    4.57   114.4    27.4    -9.7     1.9     2.6     2.1     1.6 -999.000  207.2  249.7    2.648   64.4817333   49.5221667  585.5 -999
 2008    1   97  930.74  -15.64  -16.59   66.9    0.78    4.62   114.7    37.8    -6.5     5.6     5.3     4.6     4.1 -999.000  193.8  237.5    2.712   64.4817333   49.5221667  585.5 -999
 2008    2   98  928.39  -15.41  -14.17   55.4    0.81    4.77   123.2  -999.0  -999.0    42.8    21.9    20.2    19.7 -999.000  208.5  249.6    2.459   64.4860904   49.5221667  522.5 -999
 2008    3   99  936.88   -9.95  -10.46   69.6    1.53    3.81   117.2    22.9   -10.5   116.7    99.3    68.6    68.2    0.661  222.7  264.3    2.578   64.4820594   49.5221667  580.8 -999
 2008    4  100  946.57   -0.82   -1.33   60.8    2.32    4.20   117.8    32.0   -33.3   185.2   172.3    92.5    92.1    0.537  247.4  302.7    2.552   64.4817129   49.5232651  456.0 -999
 2008    5  101  945.91    3.18    2.73   66.8    3.40    3.21    96.9    26.0   -14.5   265.5   254.6   118.6   118.2    0.461  261.9  316.2    2.566   64.4817060   49.5240310  510.3 -999
 2008    6  102  950.85    5.03    4.51   68.4    3.91    3.24    83.4    34.4    -4.4   324.8   317.9   123.1   122.9    0.384  270.7  320.7    2.592   64.4817058   49.5243810  549.0 -999
 2008    7  103  945.63    5.88    5.22   67.0    4.07    3.73    78.1    46.4    -1.2   282.0   277.7    93.9    93.8    0.338  276.1  321.7    2.587   64.4816828   49.5247231  567.6 -999
 2008    8  104  942.79    4.12    3.76   73.5    4.01    2.92   108.2    26.8    -0.3   188.8   186.4    69.7    70.1    0.373  284.6  318.5    2.703   64.4816521   49.5246759  419.3 -999
 2008    9  105  937.54    0.62    0.31   75.6    3.32    2.69   138.2    17.0    -5.7   106.2    99.6    64.0    64.6    0.635  275.7  308.1    2.700   64.4816603   49.5250806  486.6 -999
 2008   10  106  937.61   -3.92   -4.40   69.9    2.32    3.22   143.5    27.2    -5.6    49.0    47.2    40.0    33.1 -999.000  251.6  286.1    2.682   64.4816645   49.5252814  483.0 -999
 2008   11  107  938.45   -4.34   -4.96   74.8    2.34    3.81   155.5    21.0    -8.7    10.5    10.0     6.7     6.5 -999.000  257.8  286.7    2.704   64.4816833   49.5255000  578.1 -999
 2008   12  108  930.28  -11.10  -11.72   70.2    1.30    4.46   144.2    28.3   -12.2     1.6     2.5     2.0     1.5 -999.000  217.1  258.1    2.706   64.4816833   49.5255000  578.1 -999
 2009    1  109  923.70   -7.92   -8.56   60.9    1.38    4.50   125.4    39.4   -16.7     5.4     5.5     3.4     2.9 -999.000  217.4  266.3    2.704   64.4816833   49.5255000  578.1 -999
 2009    2  110  937.31   -7.86   -8.40   57.0    1.21    4.86   132.2    42.4   -28.6    40.6    32.2    18.4    15.9 -999.000  218.3  267.8    2.706   64.4816833   49.5255000  578.1 -999
 2009    3  111  939.95  -13.09  -13.27   63.0    0.90    3.36   133.1    14.4   -10.0   137.6   117.5    68.4    67.3    0.580  185.4  253.0    2.702   64.4816833   49.5255000  578.1 -999
 2009    4  112  937.61   -4.18   -3.97   66.4    1.96    2.90   139.0    14.9   -17.8   208.4   191.2   135.2   132.5    0.692  239.2  291.9    2.704   64.4816971   49.5264204  517.4 -999
 2009    5  113  938.79   -1.48   -1.24   62.5    2.34    3.38   135.2    21.8   -21.1   295.5   281.1   184.2   182.0    0.660  238.7  300.4    2.703   64.4817019   49.5272752  499.7 -999
 2009    6  114  948.91    4.17    4.07   75.3    4.04    2.64   104.5    22.9    -1.0   254.8   253.0   120.5   120.7    0.479  288.8  320.5    2.692   64.4817152   49.5277373  494.3 -999
 2009    7  115  950.41    5.55    5.29   69.4    4.10    3.55    69.6    42.3     1.4   306.6   293.6   116.6   114.9    0.396  278.8  321.4    2.694   64.4817183   49.5281893  488.2 -999
 2009    8  116  943.60    4.96    4.69   66.1    3.78    3.46    80.8  -999.0  -999.0   243.9   229.7    95.7    94.8    0.418  269.0  319.8    2.694   64.4817377   49.5284819  457.8  100
 2009    9  117  935.78   -0.43   -0.37   73.6    2.89    2.55   136.2  -999.0  -999.0    97.2   109.5    65.1    67.1    0.606  277.2  303.7    2.679   64.4818039   49.5288265  564.9  100
 2009   10  118  943.05   -4.69   -4.74   63.7    1.83    3.92   128.8  -999.0  -999.0    54.2    61.0    43.6    45.5 -999.000  239.1  282.7    2.635   64.4818214   49.5290731  565.5  100
 2009   11  119  933.54  -10.95  -11.41   65.3 -999.00    3.48   125.8  -999.0  -999.0     9.8  -999.0     9.0  -999.0 -999.000  206.0  254.6    2.496 -999.0000000 -999.0000000 -999.0  100
 2009   12  120  941.54   -5.58 -999.00   49.8 -999.00    4.76   132.8  -999.0  -999.0     1.2  -999.0     1.9  -999.0 -999.000  221.9  272.7 -999.000 -999.0000000 -999.0000000 -999.0  100
 2010    1  121  935.41   -5.96   -6.56   62.4 -999.00    3.29   135.7  -999.0  -999.0     4.6  -999.0     4.0  -999.0 -999.000  241.9  273.3    2.627 -999.0000000 -999.0000000 -999.0  100
 2010    2  122  944.71   -3.45 -999.00   51.0 -999.00    4.40   127.9  -999.0  -999.0    33.2  -999.0    16.9  -999.0 -999.000  232.1  282.7 -999.000 -999.0000000 -999.0000000 -999.0  100
 2010    3  123  939.73   -7.28   -7.66   63.8 -999.00    3.01   131.7  -999.0  -999.0   104.7  -999.0    60.3  -999.0 -999.000  226.3  273.5 -999.000 -999.0000000 -999.0000000 -999.0  100
 2010    4  124  946.16   -2.54   -2.36   64.2 -999.00    2.87   133.0  -999.0  -999.0   204.1  -999.0   123.3  -999.0 -999.000  243.9  296.1    2.637   64.4818837   49.5307026  562.0  100
 2010    5  125  948.80    4.13    4.19   63.9    3.43    3.32   127.0  -999.0  -999.0   240.6   243.7   111.6   113.7    0.464  278.0  315.8    2.642   64.4818952   49.5310446  560.4  100
 2010    6  126  945.40    4.31    4.40   74.3    4.04    2.82   113.1  -999.0  -999.0   274.1   272.3   108.4   108.3    0.394  293.6  318.6    2.643   64.4819173   49.5313811  557.5  100
 2010    7  127  943.93    5.16    5.14   70.0    4.05    3.45   108.0  -999.0  -999.0   271.6   264.5    93.6    93.3    0.348  295.3  319.5    2.665   64.4819302   49.5316290  556.6  100
 2010    8  128  947.52    5.78    5.50   73.4    4.43    3.87    79.6    47.1     9.3   168.3   167.1    50.9    50.6    0.296  305.1  319.9    2.667   64.4819309   49.5318713  551.7  100
 2010    9  129  942.02    3.74    3.47   68.9    3.64    2.79  -999.0  -999.0  -999.0   112.5   111.7    58.3    53.3    0.528  284.8  314.2    2.640   64.4819443   49.5321413  548.3  100
 2010   10  130 -999.00 -999.00 -999.00 -999.0 -999.00 -999.00  -999.0  -999.0  -999.0  -999.0  -999.0  -999.0  -999.0 -999.000 -999.0 -999.0 -999.000 -999.0000000 -999.0000000 -999.0  100
 2010   11  131 -999.00 -999.00 -999.00 -999.0 -999.00 -999.00  -999.0  -999.0  -999.0  -999.0  -999.0  -999.0  -999.0 -999.000 -999.0 -999.0 -999.000 -999.0000000 -999.0000000 -999.0  100
 2010   12  132 -999.00 -999.00 -999.00 -999.0 -999.00 -999.00  -999.0  -999.0  -999.0  -999.0  -999.0  -999.0  -999.0 -999.000 -999.0 -999.0 -999.000 -999.0000000 -999.0000000 -999.0  100
 2011    1  133 -999.00 -999.00 -999.00 -999.0 -999.00 -999.00  -999.0  -999.0  -999.0  -999.0  -999.0  -999.0  -999.0 -999.000 -999.0 -999.0 -999.000 -999.0000000 -999.0000000 -999.0  100
 2011    2  134 -999.00 -999.00 -999.00 -999.0 -999.00 -999.00  -999.0  -999.0  -999.0  -999.0  -999.0  -999.0  -999.0 -999.000 -999.0 -999.0 -999.000 -999.0000000 -999.0000000 -999.0  100
 2011    3  135  941.04   -8.30   -8.53   99.9 -999.00    0.00  -999.0  -999.0  -999.0     1.2  -999.0     1.1  -999.0 -999.000 -999.0 -999.0 -999.000 -999.0000000 -999.0000000 -999.0   76
 2011    4  136  930.73   -7.27   -7.70  100.0 -999.00    0.00  -999.0  -999.0  -999.0     1.5  -999.0     1.5  -999.0 -999.000 -999.0 -999.0 -999.000   64.4821102   49.5339572  544.7    4
 2011    5  137 -999.00 -999.00 -999.00 -999.0 -999.00 -999.00  -999.0  -999.0  -999.0  -999.0  -999.0  -999.0  -999.0 -999.000 -999.0 -999.0 -999.000 -999.0000000 -999.0000000 -999.0   15
 2011    6  138  955.20    2.10    2.18   86.7    4.01    0.00  -999.0  -999.0  -999.0   195.7   243.9   124.6   117.0    0.539  304.9  311.9 -999.000   64.4821491   49.5344449  546.3   73
 2011    7  139  946.52    4.45    4.42   75.8    4.16    0.00  -999.0     0.0     0.0   180.9   173.2    80.1    76.3    0.493  313.6  316.1    1.807   64.4821873   49.5347546  543.8  100
 2011    8  140  950.75    4.01    3.89   76.3    4.07    0.65  -999.0     7.9     2.8   143.6   138.9    60.2    58.8    0.471  311.5  312.3    2.093   64.4821967   49.5349993  540.1  100
 2011    9  141  936.97    1.07    1.09   66.2    2.98    3.13   126.0    25.2   -15.7    99.4   111.0    70.1    70.2    0.611  271.7  308.6    2.481   64.4821678   49.5351800  538.8  100
 2011   10  142  941.34   -5.89   -5.96   64.3    1.72    3.30   122.3    19.5   -14.1    44.0    52.1    36.7    36.2 -999.000  236.6  279.5    2.474   64.4821893   49.5353758  537.9  100
 2011   11  143  932.56  -11.19  -11.32   59.6    1.13    4.25   121.2    33.0   -11.9     7.0    10.3     6.3     6.9 -999.000  207.2  255.4    2.528 -999.0000000 -999.0000000 -999.0  100
 2011   12  144  930.26  -12.03  -12.10   68.8    1.08    5.37   138.4    29.4   -13.8     0.9     2.9     1.9     1.8 -999.000  221.6  255.6    2.561   64.4822322   49.5358530  537.4  100
 2012    1  145  930.46  -12.41  -12.49   67.3    1.04    5.18   127.4    31.6   -13.4     3.3     6.6     3.8     3.9 -999.000  221.6  252.2    2.589   64.4822288   49.5360322  538.2  100
 2012    2  146  933.65   -9.81   -9.86   65.9    1.32    4.13   141.4    25.9   -13.9    29.0    30.8    17.6    17.4 -999.000  224.2  263.5    2.618 -999.0000000 -999.0000000 -999.0  100
 2012    3  147  936.44  -13.24  -13.13   68.5    1.22    3.68   136.2    21.1   -14.2    85.6   100.9    63.0    59.8 -999.000  223.6  254.0    2.592 -999.0000000 -999.0000000 -999.0  100
 2012    4  148  945.51   -2.37   -2.17   77.0    2.69    3.01   146.0    17.8   -12.9   159.0   163.7   119.1   119.1    0.703  277.3  298.7    2.506   64.4823008   49.5367050  538.9  100
 2012    5  149  951.07    2.00    2.27   69.6    3.23    3.03   132.8    28.1   -12.1   242.9   243.4   143.3   141.7    0.594  278.5  315.0    2.415   64.4823288   49.5369877  540.5  100
 2012    6  150  954.47    5.05    5.25   70.2    3.98    3.73   104.6    45.4    -2.2   299.6   300.1   130.9   130.8    0.439  290.5  322.5    2.540   64.4823610   49.5372844  539.3  100
 2012    7  151  947.25    6.56    6.64   69.1    4.42    4.33   109.3    60.3     6.7   242.3   244.4    97.7    97.3    0.394  308.2  324.6    2.575   64.4823854   49.5375395  534.9  100
 2012    8  152  948.70    5.28    5.30   72.2    4.23    3.79   110.6    46.6     2.8   167.8   170.1    70.4    70.0    0.407  301.7  322.2    2.583   64.4824094   49.5378022  531.5  100
 2012    9  153  943.05    3.04    2.90   73.6    3.72    3.55   129.4    36.2    -7.7    93.4    91.7    46.6    46.0    0.488  292.7  317.2    2.620   64.4824355   49.5380089  530.3  100
 2012   10  154  948.83   -0.31   -0.48   71.2    2.84    4.06   122.4    33.4   -25.8    33.7    30.9    24.2    23.8 -999.000  283.6  303.9    2.601   64.4824539   49.5381913  528.2  100
 2012   11  155  940.75   -6.91   -7.10   67.2    1.76    4.67   123.1    31.2   -16.7     6.3     6.2     5.1     4.7 -999.000  243.6  275.2    2.613 -999.0000000 -999.0000000 -999.0  100
 2012   12  156  941.97   -8.56   -8.76   59.3    1.29    5.70   121.1    48.1   -29.8    -0.1     1.9     1.7     1.3 -999.000  218.8  265.1    2.615 -999.0000000 -999.0000000 -999.0  100
 2013    1  157  927.43   -9.66   -9.85   74.4 -999.00    4.01  -999.0  -999.0  -999.0  -999.0  -999.0  -999.0  -999.0 -999.000 -999.0 -999.0    2.661 -999.0000000 -999.0000000 -999.0   77
 2013    2  158  940.20  -13.27  -13.38  100.0 -999.00    0.00  -999.0  -999.0  -999.0  -999.0  -999.0  -999.0  -999.0 -999.000 -999.0 -999.0 -999.000 -999.0000000 -999.0000000 -999.0 -999
 2013    3  159  956.86   -6.45   -6.67   81.3 -999.00    0.00  -999.0  -999.0  -999.0  -999.0  -999.0  -999.0  -999.0 -999.000 -999.0 -999.0 -999.000 -999.0000000 -999.0000000 -999.0 -999
 2013    4  160  948.77   -2.70   -2.91   79.2 -999.00    0.00  -999.0  -999.0  -999.0  -999.0  -999.0  -999.0  -999.0 -999.000 -999.0 -999.0 -999.000 -999.0000000 -999.0000000 -999.0    6
 2013    5  161  950.27   -0.87   -0.99   99.9 -999.00    0.00  -999.0  -999.0  -999.0  -999.0  -999.0  -999.0  -999.0 -999.000 -999.0 -999.0 -999.000 -999.0000000 -999.0000000 -999.0    6
 2013    6  162  944.23    3.55    3.54   78.1 -999.00    0.00  -999.0  -999.0  -999.0  -999.0  -999.0  -999.0  -999.0 -999.000 -999.0 -999.0 -999.000   64.4826171   49.5398339  528.2 -999
 2013    7  163  946.53    5.64    5.04   68.9 -999.00    1.10   114.8  -999.0  -999.0  -999.0  -999.0  -999.0  -999.0 -999.000 -999.0 -999.0 -999.000   64.4826303   49.5400331  527.2   25
 2013    8  164  943.03    3.59    2.04   68.8    3.60    3.45   117.8    32.1    -9.7   186.3   184.7    76.6    76.1    0.433  290.1  317.9    2.402   64.4826199   49.5401937  526.3  100
 2013    9  165  942.83    1.78    0.22   68.7    3.18    3.21   132.2    25.0   -15.4    83.4    82.9    49.2    48.8    0.559  296.6  313.0    2.511   64.4826419   49.5403956  525.5  100
 2013   10  166  944.36   -1.96   -3.51   63.7    2.26    3.44   121.8    25.1   -18.9    52.0    52.7    26.6    24.1 -999.000  256.1  295.4    2.416   64.4826654   49.5405899  524.7  100
 2013   11  167  937.31   -7.38   -8.92   69.0    1.63    4.44   135.5    30.7   -18.6     7.0    12.7     6.4     5.5 -999.000  248.3  274.0    2.381 -999.0000000 -999.0000000 -999.0  100
 2013   12  168  930.08  -12.67  -14.23   60.9    0.90    5.74   119.1    38.1   -19.7     1.4     4.0     2.2     1.7 -999.000  211.8  249.8    2.377 -999.0000000 -999.0000000 -999.0  100
 2014    1  169  931.70   -9.29  -10.81   56.5    1.09    6.17   127.4    49.0   -28.6     4.5     7.6     3.5     3.2 -999.000  224.3  262.4    2.384 -999.0000000 -999.0000000 -999.0  100
 2014    2  170  931.22  -11.39  -12.87   57.8    0.90    5.21   116.1    43.4   -28.1    28.7    33.0    16.1    13.6 -999.000  215.8  254.6    2.375 -999.0000000 -999.0000000 -999.0  100
 2014    3  171  934.85  -12.49  -13.83   65.5    0.98    3.10   125.3    12.7   -10.8    98.7   102.7    53.1    52.9    0.530  215.9  257.0    2.366 -999.0000000 -999.0000000 -999.0  100
 2014    4  172  944.83   -9.69  -10.87   69.0    1.31    3.29   127.6    14.2   -16.5   183.8   183.5   139.6   138.0    0.757  232.3  269.0    2.365 -999.0000000 -999.0000000 -999.0  100
 2014    5  173  950.47    0.12   -0.93   69.4    2.78    2.47   119.7    14.2   -19.0   257.5   257.7   158.1   157.1    0.617  272.1  311.6    2.349   64.4828036   49.5420568  530.1  100
 2014    6  174  950.89    4.45    3.35   66.8    3.63    3.53   121.6    41.5   -10.7   277.4   280.2   113.3   112.4    0.399  289.3  320.9    2.422   64.4828358   49.5423424  529.9  100
 2014    7  175  948.46    5.02    4.22   64.9    3.70    3.82   104.1    46.7    -9.5   274.8   276.4   104.3   103.7    0.371  289.4  321.5    2.407   64.4827004   49.5402883  532.0  100
 2014    8  176  948.94    5.07    5.23   69.3    3.96    3.49    99.5    38.0    -3.6   194.9   187.0    70.2    70.0    0.367  294.6  320.3    2.598   64.4819840   49.5299632  547.6  100
 2014    9  177  936.16    0.83    1.01   74.4    3.26    2.86   137.2    21.9    -6.7    93.0    88.8    61.9    60.6    0.713  287.3  308.3    2.524   64.4819911   49.5302024  545.0  100
 2014   10  178  944.47   -4.15   -4.15   65.8    2.03    3.41   123.6    23.6   -12.5    51.4    41.1    31.9    31.7 -999.000  250.7  286.1    2.569   64.4820011   49.5303965  543.2  100
 2014   11  179  933.04   -7.45   -7.61   60.8    1.42    4.16   122.4    29.9   -15.7    11.2     7.4     6.4     5.8 -999.000  225.4  269.5    2.603 -999.0000000 -999.0000000 -999.0  100
 2014   12  180  934.97  -11.70  -11.78   70.6    1.22    5.03   132.0    30.6    -9.9     1.5     1.7     1.8     1.4 -999.000  224.5  256.2    2.623 -999.0000000 -999.0000000 -999.0  100
 2015    1  181  931.09  -16.52  -16.57   70.1    0.75    3.98   130.3    26.7    -5.6     4.5     4.3     4.4     3.9 -999.000  201.6  236.9    2.637 -999.0000000 -999.0000000 -999.0  100
 2015    2  182  932.68  -15.91  -15.85   74.0    0.86    3.89   134.3    31.5    -4.4    40.0    26.7    24.8    25.5 -999.000  202.4  239.5    2.660 -999.0000000 -999.0000000 -999.0  100
 2015    3  183  928.66  -15.34  -14.98   72.1    0.87    3.39   129.2    21.0    -8.9   112.9   100.8    76.8    76.9    0.763  211.0  243.5    2.460 -999.0000000 -999.0000000 -999.0  100
 2015    4  184  941.63   -7.23   -6.57   68.4    1.59    3.00   142.9    14.6   -14.3   188.5   178.9   138.2   137.8    0.782  246.4  278.8    2.179   64.4820676   49.5316415  543.2  100
 2015    5  185  942.51   -2.11   -1.31   64.0    2.13    3.17   142.6    16.3   -28.7   256.1   249.9   186.2   185.2    0.760  266.0  301.6    2.305   64.4820777   49.5318724  543.3  100
 2015    6  186  948.05    3.32    3.80   66.0    3.33    3.32   110.5    34.3   -14.2   302.8   303.4   146.0   146.4    0.500  279.6  318.0    2.493   64.4820971   49.5321629  542.6  100
 2015    7  187  954.62    4.76    4.92   67.2    3.72    3.81    96.3    44.8    -9.6   284.2   284.4    94.1    94.1    0.334  284.3  320.0    2.579   64.4821186   49.5324707  540.4  100
 2015    8  188  948.00    4.00    4.01   69.3    3.73    3.34   104.9    31.4    -8.7   187.3   183.4    72.0    69.4    0.382  289.6  318.3    2.600   64.4821338   49.5326971  537.8  100
 2015    9  189  940.77    0.52    0.54   76.6    3.28    2.18   111.1    13.0    -6.7   103.6   102.0    56.3    55.0    0.564  286.2  308.7    2.516   64.4821482   49.5329337  536.1  100
 2015   10  190  938.11   -5.79   -5.83   68.0    1.86    3.66   129.8    26.7   -13.8    52.8    44.8    40.4    40.4 -999.000  242.8  278.4    2.477   64.4821589   49.5331121  534.6  100
 2015   11  191  938.02  -11.30  -11.42   64.9    1.13    3.80   128.1    30.7    -8.2    10.0     8.9     7.6     7.3 -999.000  210.6  254.1    2.619 -999.0000000 -999.0000000 -999.0  100
 2015   12  192  929.25  -15.95  -16.07   67.6    0.73    3.88   120.2    29.7    -8.6     1.3     2.7     2.5     1.9 -999.000  198.8  233.9    2.619 -999.0000000 -999.0000000 -999.0  100
 2016    1  193  932.63   -8.47   -8.63   55.1    1.18    4.87   126.5    51.0   -30.5     4.3     5.2     3.7     3.1 -999.000  227.5  263.9    2.582 -999.0000000 -999.0000000 -999.0  100
 2016    2  194  934.15   -9.58   -9.65   60.1    1.13    5.22   129.0    43.6   -27.6    28.3    28.2    16.7    14.7 -999.000  231.8  262.3    2.685 -999.0000000 -999.0000000 -999.0  100
 2016    3  195  933.18   -7.81   -7.72   68.4    1.49    3.86   138.0    25.6   -20.0    93.0    81.4    60.1    53.8    0.658  248.8  273.7    2.621 -999.0000000 -999.0000000 -999.0  100
 2016    4  196  948.23    0.13    0.31   63.4    2.67    4.66   132.4    55.6   -33.2   158.6   161.1    95.4    93.1    0.612  275.2  302.6    2.592   64.4822463   49.5343282  534.6  100
 2016    5  197  947.37    1.21    1.49   68.3    2.98    3.19   127.0    25.0   -18.3   223.5   223.2   126.3   127.4    0.552  282.5  310.9    2.501   64.4822720   49.5346138  535.0  100
 2016    6  198  947.32    4.70    4.83   73.0    4.04    3.01   105.5    35.2    -0.3   252.8   244.6    92.5    90.4    0.370  303.7  320.8    2.534   64.4822946   49.5349018  533.8  100
 2016    7  199  951.74    5.76    5.92   64.3    3.85    3.94   100.5    51.7    -5.1   298.3   291.3    95.8    95.3    0.326  286.6  321.5    2.550   64.4823125   49.5351358  530.9  100
 2016    8  200  947.64    4.86    4.95   67.2    3.80    3.48   101.5    36.5    -5.5   238.2   218.3    74.3    73.6    0.332  288.3  320.0    2.558   64.4823279   49.5353653  526.8  100
 2016    9  201  941.65    0.46    0.50   65.3    2.78    2.71   114.1    17.2   -15.0   131.3   111.1    58.1    57.3    0.521  269.6  307.2    2.515   64.4823438   49.5355671  524.6  100
 2016   10  202  942.96   -5.51   -5.53   69.8    1.96    2.82   122.4    19.7   -10.3    64.0    57.9    31.7    25.4 -999.000  253.4  280.9    2.432   64.4823610   49.5357384  523.9  100
 2016   11  203  941.80   -7.20   -7.31   72.5    1.80    3.75   132.7    23.9    -8.6     8.5    16.1     7.4     7.1 -999.000  252.6  274.2    2.396 -999.0000000 -999.0000000 -999.0  100
 2016   12  204  931.55  -10.97  -11.08   60.8    1.14    5.18   128.3    41.9   -20.6     1.7     3.6     2.3     1.9 -999.000  221.2  256.2    2.256 -999.0000000 -999.0000000 -999.0  100
 2017    1  205  935.54  -11.76  -11.85   69.3    1.17    4.62   132.4    35.0   -11.7     5.1     8.1     5.1     4.8 -999.000  228.0  253.8    2.166 -999.0000000 -999.0000000 -999.0  100
 2017    2  206  932.08  -11.77  -11.80   65.7    1.13    3.77   132.0    31.5   -12.5    46.9    37.0    25.1    24.6 -999.000  222.9  251.9    2.200 -999.0000000 -999.0000000 -999.0  100
 2017    3  207  939.62  -10.29  -10.08   64.7    1.14    3.88   133.9    28.3   -15.1   127.0   103.8    75.5    74.8    0.737  225.1  261.2    2.197 -999.0000000 -999.0000000 -999.0  100
 2017    4  208  946.62   -7.46   -7.03   64.2    1.52    3.60   145.2    23.5   -18.4   208.5   190.5   149.2   148.1    0.794  242.7  275.3    2.103   64.4824507   49.5368397  526.3  100
 2017    5  209  953.64    1.44    1.35   79.9    3.54    2.06   117.7    14.3    -4.9   254.9   246.9   139.1   137.8    0.569  280.2  311.4    2.347   64.4824815   49.5370756  529.6  100
 2017    6  210  947.88    3.53    3.28   72.9    3.71    2.78   109.9    26.4    -8.3   287.3   297.1   100.4    96.7    0.336  274.0  315.3    2.276   64.4825114   49.5373294  528.0  100
 2017    7  211  944.95    4.38    4.14   70.1    3.85    3.41   110.7    42.4    -3.8   264.0   266.7    95.4    94.7    0.353  278.1  315.4    2.379   64.4825248   49.5375420  526.8  100
 2017    8  212  948.67    4.77    4.48   76.0    4.28    3.37   113.3    39.0     5.8   182.9   180.0    53.2    52.7    0.284  293.5  318.2    2.404   64.4825389   49.5377045  527.3  100
 2017    9  213  943.37    0.56    0.27   70.7    3.02    2.90   121.0    24.2   -13.3   112.1   109.2    50.1    48.7    0.475  267.0  303.3    2.384   64.4825403   49.5377128  527.6  100
 2017   10  214  941.90   -1.62   -1.96   67.4    2.49    3.09   131.7    27.1    -8.8    56.9    48.4    18.7    17.6 -999.000  252.4  292.4    2.379   64.4825403   49.5377128  527.6  100
 2017   11  215  945.33   -5.68   -6.09   69.5    1.84    4.31   132.9    38.8   -10.9     8.3    15.9     5.9     5.4 -999.000  243.3  275.9    2.425   64.4825403   49.5377128  527.6  100
 2017   12  216  940.91   -6.86   -7.31   62.6 -999.00    4.93   133.9  -999.0  -999.0     1.6     3.8     1.9     1.4 -999.000  234.6 -999.0    2.443   64.4825403   49.5377128  527.6  100
 2018    1  217  937.42  -13.55  -14.01   63.4    0.81    4.91   118.8    45.8   -11.0     4.8     8.6     3.9     3.5 -999.000  200.9  240.7    2.431   64.4825403   49.5377128  527.6  100
 2018    2  218  934.65  -18.38  -18.74   73.0 -999.00    4.05   131.7  -999.0  -999.0    40.5    48.2    22.1    21.3 -999.000  191.7 -999.0    2.416   64.4825403   49.5377128  527.6  100
 2018    3  219  953.34   -9.97  -10.20   62.0    1.18    3.74   124.9    34.6   -12.7   120.4   118.1    66.9    65.8    0.585  206.6  257.7    2.405   64.4825403   49.5377128  527.6  100
 2018    4  220  944.20   -4.47   -4.48   68.4    1.94    3.33   132.7    23.0   -18.0   199.0   198.0   121.0   119.4    0.611  242.4  287.4    2.408   64.4825403   49.5377128  527.6  100
 2018    5  221  938.53   -4.27   -4.15   67.7    2.01    3.61   139.4    21.7   -20.0   259.3   256.8   187.9   185.7    0.745  248.1  289.5    2.384   64.4825403   49.5377128  527.6  100
 2018    6  222  944.74    3.14    3.14   81.7    4.08    2.56   124.9    26.0    -0.0   236.2   240.8   119.5   118.9    0.512  295.1  316.2    2.379   64.4825403   49.5377128  527.6  100
 2018    7  223  945.51    4.03    4.16   81.1    4.34    2.91   116.6    31.9     4.7   216.2   221.3    86.9    86.1    0.385  301.2  317.3    2.427   64.4825499   49.5378164  527.4  100
 2018    8  224  944.79    3.73    2.95   75.7    3.96    3.17   123.6    30.0    -3.8   181.3   181.7    70.2    69.5    0.398  292.7  316.1    2.583   64.4827610   49.5401181  522.2  100
 2018    9  225  943.01    0.77   -0.02   67.7    2.92    3.55   127.9    28.1   -17.4   123.7   118.8    61.9    61.1    0.515  272.4  305.9    2.454   64.4827850   49.5403075  522.0  100
 2018   10  226  941.32   -7.89   -8.87   65.2    1.47    4.19   126.9    28.6   -16.6    64.5    45.5    24.6    23.7 -999.000  215.2  268.6    2.623   64.4828034   49.5404875  521.5  100
 2018   11  227  943.28   -7.14   -8.22   56.6    1.31    4.68   125.5    46.5   -19.4     9.0     8.6     4.7     4.4 -999.000  213.3  264.8    2.617   64.4828198   49.5406446  520.8  100
 2018   12  228  936.98   -6.25   -7.35   65.7    1.63    3.92   128.4    34.1   -12.2     1.8     2.8     1.8     1.4 -999.000  237.2  272.2    2.650 -999.0000000 -999.0000000 -999.0  100
 2019    1  229  940.27  -10.38  -11.49   68.0    1.22    4.57   138.5    36.4   -10.4     5.1     8.4     4.4     4.2 -999.000  223.2  256.0    2.574   64.4828605   49.5410250  521.6  100
 2019    2  230  933.96   -9.43  -10.49   56.0    1.02    5.36   127.6    51.2   -21.3    36.8    30.4    15.7    14.8 -999.000  215.8  259.0    2.604   64.4828758   49.5412064  522.3  100
 2019    3  231  934.92  -10.35  -11.24   66.1    1.15    4.06   137.5    29.3   -18.9   101.6    96.8    53.8    52.8    0.556  219.2  260.7    2.585   64.4828938   49.5413825  521.6  100
 2019    4  232  942.50   -2.43   -3.15   58.5    1.92    5.44   132.3    52.2   -46.8   178.2   175.0   104.0   102.6    0.577  249.4  291.9    2.520   64.4829120   49.5415936  523.2  100
 2019    5  233  955.15    3.55    2.86   62.8    3.17    4.23   118.3  -999.0  -999.0   285.3   294.4   110.5   109.4    0.382  260.2  314.5 -999.000   64.4829380   49.5418455  523.1  100
 2019    6  234  956.35    4.48    3.75   71.6    3.87    2.99   110.8  -999.0  -999.0   280.0   285.5    91.2    90.2    0.324  285.8  317.9 -999.000   64.4829652   49.5421086  522.4  100
 2019    7  235  953.00    5.50    4.69   68.2    4.01    3.54   108.2  -999.0  -999.0   283.9   281.6    73.3    72.6    0.257  285.9  318.4 -999.000   64.4829841   49.5423298  520.4  100
 2019    8  236  953.04    3.95    3.11   69.0    3.67    3.36   106.1  -999.0  -999.0   233.9   229.0    62.1    61.4    0.271  271.6  315.4 -999.000   64.4830076   49.5425579  517.9  100
 2019    9  237  946.45    1.49    0.97   67.3    3.06    3.28   123.9  -999.0  -999.0   110.0   119.4    43.8    42.8    0.364  267.7  306.1 -999.000   64.4830300   49.5427558  517.2  100
 2019   10  238  949.71   -1.23   -1.30   58.0    2.12    3.83   121.5    37.9   -21.5    47.4    56.6    25.7    15.0 -999.000  246.2  291.1    2.405   64.4830503   49.5429347  516.2  100
 2019   11  239  943.26   -3.69   -3.83   54.1    1.61    5.42   123.2    53.2   -33.9     8.4    14.5     5.2     5.0 -999.000  239.4  282.0    2.469 -999.0000000 -999.0000000 -999.0  100
 2019   12  240  938.29  -10.16  -10.33   59.6    1.09    4.02   123.5    36.4   -10.4     1.9     2.9     2.2     1.3 -999.000  212.7  254.8    2.472   64.4830890   49.5433054  516.1  100
 2020    1  241  932.09  -15.91  -16.01   65.5    0.75    4.51   136.6    34.2    -6.8     5.8     8.4     5.2     4.6 -999.000  202.8  236.7    2.241 -999.0000000 -999.0000000 -999.0  100
 2020    2  242  929.29  -15.57  -15.61   60.7    0.73    3.99   122.8    34.9    -6.1    34.3    36.8    23.5    23.3 -999.000  195.3  235.3    2.208   64.4831297   49.5436937  516.5  100
 2020    3  243  942.62  -12.28  -12.19   59.6    1.04    4.41   135.4    35.6   -12.8    91.7    91.7    57.8    57.3 -999.000  209.3  249.7    2.260   64.4831477   49.5439054  517.8  100
 2020    4  244  947.65   -3.35   -3.14   56.3    1.82    4.39   134.6    37.5   -30.4   181.4   200.7   101.0    98.9    0.497  234.1  287.4    2.384   64.4831680   49.5441064  517.1  100
 2020    5  245  948.81    1.74    2.04   66.3    2.98    2.97   120.0    23.3   -18.0   242.9   264.0   122.5   120.9    0.502  266.4  310.8    2.303   64.4831943   49.5443568  517.8  100
 2020    6  246  950.40    2.89    3.07   79.4    3.91    2.11   134.2    12.3    -4.7   214.2   220.4    66.9    66.2    0.302  298.6  316.3    2.430   64.4832247   49.5446397  518.3  100
 2020    7  247  951.36    5.22    5.27   71.7    4.13    3.31   119.9    38.7    -0.8   232.9   239.9    56.4    55.5    0.229  297.2  318.7    2.556   64.4832465   49.5448537  516.6  100
 2020    8  248  947.96    4.14    3.94   72.6    3.91    2.65   115.5    21.6    -4.2   186.5   198.4    48.9    47.5    0.243  284.5  316.9    2.569   64.4832713   49.5450589  514.4  100
 2020    9  249  943.23   -0.06   -1.29   68.7    2.88    3.08   121.3    22.8   -12.8   122.5   112.7    63.7    63.8    0.566  271.3  303.4    2.504   64.4833334   49.5452256  513.1  100
 2020   10  250  944.96   -2.32   -3.66   67.8    2.35    3.60   128.6    32.3   -17.0    50.3    32.7    26.9    25.0 -999.000  263.0  291.6    2.535   64.4833515   49.5453976  512.9  100
 2020   11  251  936.60   -8.66  -10.07   69.6    1.45    3.86   133.0    28.6   -10.5    10.4     9.8     7.0     6.8 -999.000  239.2  265.7    2.576 -999.0000000 -999.0000000 -999.0  100
 2020   12  252  946.60   -7.00   -8.40   64.9    1.56    5.56   133.7    50.1   -17.8     2.1     2.8     1.9     1.7 -999.000  237.6  270.6    2.607   64.4833897   49.5457611  512.1  100
 2021    1  253  948.14   -6.77   -8.18   65.0    1.50    4.93   128.4    47.9   -16.5     5.5     7.6     4.3     4.1 -999.000  234.3  270.4    2.612   64.4834102   49.5459533  512.6  100
 2021    2  254  941.34  -12.39  -13.75   66.0    0.98    4.64   121.2    39.4   -13.4    50.8    42.0    22.8    19.7 -999.000  210.1  248.6    2.616   64.4834320   49.5461314  512.5  100
 2021    3  255  940.37   -9.57  -10.74   69.5    1.33    3.92   132.4    33.9   -17.0   122.7   103.6    79.2    69.3    0.725  228.3  264.1    2.555   64.4834439   49.5463084  512.1  100
 2021    4  256  959.25   -2.37   -3.32   67.9    2.37    3.88   134.8    29.1   -19.1   213.5   202.7   146.7   144.9    0.743  260.7  295.6    2.511   64.4834660   49.5465142  513.5  100
 2021    5  257  952.97    0.54   -0.36   65.2    2.65    3.97   130.8    31.3   -32.9   273.2   270.4   154.1   152.2    0.580  261.1  308.7    2.344   64.4834907   49.5467427  513.4  100
 2021    6  258  947.87    3.34    2.34   81.3    4.11    2.34   131.0    22.9    -1.7   241.7   242.2    95.2    94.9    0.379  303.9  318.0    2.388   64.4835207   49.5470495  514.5  100
 2021    7  259  949.59    5.01    4.00   73.8    4.24    3.29   125.3    39.7     2.7   241.5   235.3    82.7    77.6    0.331  300.5  319.2    2.433   64.4835486   49.5473209  513.5  100
 2021    8  260  949.94    5.29    3.92   73.1    4.42    3.28   132.1    46.3     6.5   165.0   158.3    47.1    46.2    0.289  309.6  319.5    2.474   64.4835738   49.5475537  510.8  100
 2021    9  261  948.01   -2.05   -0.56 -999.0 -999.00    2.47   128.4  -999.0  -999.0   152.9   140.9    80.5    79.6    0.580  249.8  294.1    2.311   64.4835972   49.5477651  508.6  100
 2021   10  262  951.28   -2.66   -0.57 -999.0 -999.00    3.44   130.4  -999.0  -999.0    83.7  -999.0    32.7  -999.0 -999.000  236.1  290.3    2.322   64.4836183   49.5479358  507.8  100
 2021   11  263  946.00   -7.17   -0.55 -999.0 -999.00    3.37   147.7  -999.0  -999.0     8.7  -999.0     4.5  -999.0 -999.000  236.3  272.0    2.393   64.4836393   49.5481024  506.3  100
 2021   12  264  936.35   -4.91   -0.60 -999.0 -999.00    5.45   151.5  -999.0  -999.0     1.4  -999.0     1.4  -999.0 -999.000  231.3  276.1    2.499   64.4836487   49.5482964  505.3  100
 2022    1  265 -999.00 -999.00 -999.00 -999.0 -999.00 -999.00  -999.0  -999.0  -999.0  -999.0  -999.0  -999.0  -999.0 -999.000 -999.0 -999.0 -999.000 -999.0000000 -999.0000000 -999.0  100
