 Year MonthOfYear MonthOfCentury AirPressure(hPa) AirTemperature(C) AirTemperatureHygroClip(C) RelativeHumidity(%) SpecificHumidity(g/kg) WindSpeed(m/s) WindDirection(d) SensibleHeatFlux(W/m2) LatentHeatFlux(W/m2) ShortwaveRadiationDown(W/m2) ShortwaveRadiationDown_Cor(W/m2) ShortwaveRadiationUp(W/m2) ShortwaveRadiationUp_Cor(W/m2) Albedo_theta<70d LongwaveRadiationDown(W/m2) LongwaveRadiationUp(W/m2) HeightSensorBoom(m) LatitudeGPS_HDOP<1(degN) LongitudeGPS_HDOP<1(degW) ElevationGPS_HDOP<1(m) FanOK(%)
 2010    7  127 -999.00 -999.00 -999.00 -999.0 -999.00 -999.00 -999.0 -999.0 -999.0 -999.0 -999.0 -999.0 -999.0 -999.000 -999.0 -999.0 -999.000 -999.0000000 -999.0000000 -999.0  100
 2010    8  128 -999.00 -999.00 -999.00 -999.0 -999.00 -999.00 -999.0 -999.0 -999.0 -999.0 -999.0 -999.0 -999.0 -999.000 -999.0 -999.0 -999.000 -999.0000000 -999.0000000 -999.0 -999
 2010    9  129 -999.00 -999.00 -999.00 -999.0 -999.00 -999.00 -999.0 -999.0 -999.0 -999.0 -999.0 -999.0 -999.0 -999.000 -999.0 -999.0 -999.000 -999.0000000 -999.0000000 -999.0 -999
 2010   10  130 -999.00 -999.00 -999.00 -999.0 -999.00 -999.00 -999.0 -999.0 -999.0 -999.0 -999.0 -999.0 -999.0 -999.000 -999.0 -999.0 -999.000 -999.0000000 -999.0000000 -999.0  100
 2010   11  131  902.67   -6.38   -7.24 -999.0 -999.00    0.00 -999.0 -999.0 -999.0   10.3 -999.0    8.3 -999.0 -999.000  248.7  280.7    2.667   64.9457645   49.8837225  924.1  100
 2010   12  132  909.00   -5.80   -6.60 -999.0 -999.00    0.00 -999.0 -999.0 -999.0    1.2 -999.0    2.3 -999.0 -999.000  263.1  285.3    2.533   64.9457584   49.8837702  923.1  100
 2011    1  133  898.90  -13.45  -14.23 -999.0 -999.00    0.00 -999.0 -999.0 -999.0    7.0 -999.0    8.1 -999.0 -999.000  207.4  250.3    2.479   64.9457362   49.8838102  922.1  100
 2011    2  134  881.18  -16.51  -17.34 -999.0 -999.00    0.00 -999.0 -999.0 -999.0   34.9 -999.0   32.1 -999.0 -999.000  207.5  239.6    2.403 -999.0000000 -999.0000000 -999.0  100
 2011    3  135  896.80  -16.65  -17.36 -999.0 -999.00    0.00 -999.0 -999.0 -999.0  105.7 -999.0   92.8 -999.0 -999.000  209.2  242.3    2.205 -999.0000000 -999.0000000 -999.0  100
 2011    4  136  887.02  -18.31  -18.82 -999.0 -999.00    0.00 -999.0 -999.0 -999.0  227.0 -999.0  192.6 -999.0 -999.000  180.9  232.9    2.125   64.9457047   49.8838751  924.8  100
 2011    5  137  906.83   -6.46   -6.54   77.8    1.93    0.00 -999.0    0.0    0.0  292.3  293.7  244.9  242.4    0.842  247.6  287.8    2.088   64.9456935   49.8839062  925.2  100
 2011    6  138  913.54    1.01    1.11   75.5    3.44    0.00 -999.0    0.0    0.0  319.2  323.6  196.8  195.7    0.618  273.7  316.2    2.464   64.9456770   49.8839553  926.3  100
 2011    7  139  904.99    2.31    2.35   79.8    3.96    0.00 -999.0    0.0    0.0  232.7  237.2   78.9   78.7    0.326  297.7  320.2    2.646   64.9456506   49.8840073  925.6  100
 2011    8  140  908.77    1.48    1.42   80.7    3.77    1.08 -999.0    6.1    0.7  182.0  188.0   54.1   53.8    0.275  287.3  318.0    2.650   64.9456268   49.8840352  923.9  100
 2011    9  141  895.42   -2.91   -3.20   77.9    2.73    4.50  104.5    6.5  -24.7  110.2  116.2   61.3   60.6    0.522  261.7  301.0    2.680   64.9456002   49.8840614  922.0  100
 2011   10  142  897.98   -9.89  -10.50   76.6    1.52    5.58   81.1   20.0  -13.3   53.0   54.2   47.3   47.0 -999.000  227.5  266.8    2.606   64.9455961   49.8840831  921.8  100
 2011   11  143  888.69  -14.62  -15.38   71.5    1.05    6.67   73.6   25.9  -14.7   13.0   13.3   12.2   11.9 -999.000  201.9  247.2    2.635 -999.0000000 -999.0000000 -999.0  100
 2011   12  144  886.05  -16.51  -17.36   87.8    0.98    6.70  101.1   16.1   -3.9    1.2    2.1    2.5    1.9 -999.000  215.4  242.4    2.384   64.9455799   49.8841493  921.0  100
 2012    1  145  886.59  -15.72  -16.58 -999.0 -999.00    6.66  102.9 -999.0 -999.0    5.5 -999.0    6.5 -999.0 -999.000  214.4  244.2    2.471   64.9455624   49.8841502  921.5  100
 2012    2  146  889.62  -14.10  -14.85 -999.0 -999.00    6.03  106.5 -999.0 -999.0   34.1 -999.0   31.9 -999.0 -999.000  214.5  248.8    2.445   64.9455663   49.8841628  923.1  100
 2012    3  147  891.86  -15.47  -16.14 -999.0 -999.00    5.33  102.3 -999.0 -999.0   96.6 -999.0   86.4 -999.0 -999.000  216.2  246.6    2.294   64.9455552   49.8841930  924.0  100
 2012    4  148  902.20   -6.05   -6.37 -999.0 -999.00    4.44  115.8 -999.0 -999.0  169.6 -999.0  149.1 -999.0 -999.000  268.5  288.2    2.312   64.9455404   49.8842109  922.5  100
 2012    5  149  908.10   -1.56   -1.67   77.4    2.91    4.40  102.1 -999.0 -999.0  266.8  270.8  197.9  199.0    0.744  270.5  306.2    2.356   64.9455326   49.8842455  925.5  100
 2012    6  150  912.25    2.75    2.57   75.1    3.81    4.03   64.8 -999.0 -999.0  311.4  316.8  117.9  117.9    0.373  284.9  320.1    2.685   64.9455115   49.8843120  924.9  100
 2012    7  151  905.38    3.31    3.05   78.6    4.19    4.43   46.7 -999.0 -999.0  244.9  248.4   63.3   63.4    0.249  300.8  321.4    2.621   64.9454855   49.8843701  922.2  100
 2012    8  152  906.61    2.08    1.75   81.4    3.98    4.07   33.9 -999.0 -999.0  177.1  183.0   56.9   57.1    0.302  294.0  318.8    2.549   64.9454738   49.8843926  921.5  100
 2012    9  153  900.56   -0.97   -1.36   83.7    3.33    4.74  121.1   15.7  -15.5   97.5  103.0   66.4   65.6    0.582  283.9  308.3    2.638   64.9454553   49.8843585  919.6  100
 2012   10  154  905.09   -4.41   -4.92   81.6    2.56    6.26  107.3   20.7  -21.0   40.4   42.6   37.3   36.9 -999.000  268.7  292.0    2.594   64.9454443   49.8843952  918.3  100
 2012   11  155  895.84  -10.81  -11.50   79.1    1.60    6.69  106.7   25.3  -13.6   10.4   12.1   10.8   10.4 -999.000  236.3  264.2    2.422   64.9454386   49.8844435  916.9  100
 2012   12  156  897.11  -12.22  -12.91   71.9    1.27    7.02  101.1   38.6  -15.7    1.6    2.0    3.3    1.7 -999.000  211.8  254.3    2.337   64.9454143   49.8844678  918.1  100
 2013    1  157  883.03  -12.90  -13.63   78.1    1.17    7.73  106.3   28.6  -13.5    6.7    7.2    6.9    6.2 -999.000  217.0  253.8    2.368   64.9453916   49.8844950  913.9   22
 2013    2  158  894.28  -14.50  -15.21   77.1    1.01    6.46  108.6   28.8   -9.8   44.9   41.2   36.1   35.8 -999.000  204.3  245.8    2.431   64.9453875   49.8844970  912.5 -999
 2013    3  159  911.04   -9.50  -10.00   70.2    1.49    6.07  103.5   28.6  -21.8  116.4  115.3   93.5   92.7    0.806  221.2  267.0    2.367   64.9453875   49.8844970  912.5 -999
 2013    4  160  903.37   -8.74   -9.10   69.9    1.50    5.66  106.1   20.3  -25.9  210.9  209.3  170.6  170.0    0.814  223.2  271.3    2.337   64.9453875   49.8844970  912.5 -999
 2013    5  161  904.77   -6.13   -6.26   74.0    1.97    4.87  116.4    6.7  -20.3  281.8  277.9  234.9  232.0    0.845  249.4  285.3    1.942   64.9453875   49.8844970  912.5 -999
 2013    6  162  901.07    1.55    1.46   72.5    3.40    4.39  101.5   24.7  -22.3  297.9  295.9  202.8  201.0    0.673  277.3  317.4    2.351   64.9453875   49.8844970  912.5 -999
 2013    7  163  903.53    2.20    1.92   76.2    3.77    4.38   89.1   24.6  -13.4  266.3  264.4  102.1  101.7    0.371  283.2  320.2    2.590   64.9453786   49.8845328  914.5 -999
 2013    8  164  900.18    0.83    0.46   79.5    3.59    4.38   89.5 -999.0 -999.0  202.0  196.1   74.4   73.7    0.422  281.9 -999.0    2.610   64.9453383   49.8846782  919.2 -999
 2013    9  165  899.10   -1.81   -2.23   82.2    3.06    5.43  105.1   16.2  -19.8   99.3   98.9   86.6   85.4    0.866  285.5  303.9    2.460   64.9453284   49.8847062  918.5 -999
 2013   10  166  900.00   -6.16   -6.74   78.3    2.10    6.06   80.8   26.6  -16.8   54.7   55.8   47.7   48.0 -999.000  245.4  282.1    2.288   64.9453229   49.8847312  917.6 -999
 2013   11  167  891.89  -11.38  -12.08   88.4    1.63    6.37   99.4   17.7   -7.6   13.6   14.2   11.7   11.9 -999.000  235.8  260.3    1.926 -999.0000000 -999.0000000 -999.0 -999
 2013   12  168  884.54  -16.94  -17.74   82.1    0.90    7.06   79.3   29.7   -6.2    2.1    2.5    3.2    2.1 -999.000  198.8  238.3    1.706 -999.0000000 -999.0000000 -999.0 -999
 2014    1  169  886.60  -13.37  -14.08   80.1    1.17    7.53   93.4   31.9  -13.8    6.5    7.2    6.7    6.1 -999.000  214.4  252.9    1.772 -999.0000000 -999.0000000 -999.0 -999
 2014    2  170  886.10  -15.12  -15.84   72.3    0.93    6.38 -999.0   32.4  -15.7   31.1   34.0   28.8   28.8 -999.000  206.7  243.9    1.891 -999.0000000 -999.0000000 -999.0 -999
 2014    3  171  888.77  -16.20  -16.77   77.7    0.96    5.01   86.6   18.5   -9.5  113.8  106.1   93.5   93.1 -999.000  206.8  242.5    1.848 -999.0000000 -999.0000000 -999.0 -999
 2014    4  172  898.54  -12.39  -12.72   75.6    1.25    4.62   92.1   12.1  -12.9  210.3  201.1  174.2  174.2    0.870  218.3  257.1    1.798   64.9452707   49.8848577  918.9 -999
 2014    5  173  905.80   -1.59   -1.59   70.3    2.58    3.88   85.9    7.8  -23.6  289.7  281.3  221.2  219.1    0.787  257.8  303.9    1.888   64.9452628   49.8848815  919.8 -999
 2014    6  174  907.51    2.22    2.10   74.4    3.63    4.75   85.0 -999.0 -999.0  305.3  304.1  181.1  180.7    0.605  280.8 -999.0    2.389   64.9452489   49.8849204  920.0 -999
 2014    7  175  904.75    2.95    2.70   71.8    3.73    4.82   59.1 -999.0 -999.0  306.1  302.7  106.6  105.9    0.341  278.8 -999.0    2.630   64.9452297   49.8849730  919.6 -999
