 Year MonthOfYear MonthOfCentury AirPressure(hPa) AirTemperature(C) AirTemperatureHygroClip(C) RelativeHumidity(%) SpecificHumidity(g/kg) WindSpeed(m/s) WindDirection(d) SensibleHeatFlux(W/m2) LatentHeatFlux(W/m2) ShortwaveRadiationDown(W/m2) ShortwaveRadiationDown_Cor(W/m2) ShortwaveRadiationUp(W/m2) ShortwaveRadiationUp_Cor(W/m2) Albedo_theta<70d LongwaveRadiationDown(W/m2) LongwaveRadiationUp(W/m2) HeightSensorBoom(m) LatitudeGPS_HDOP<1(degN) LongitudeGPS_HDOP<1(degW) ElevationGPS_HDOP<1(m) FanOK(%)
 2014    7  175 -999.00 -999.00 -999.00 -999.0 -999.00 -999.00  -999.0  -999.0  -999.0  -999.0  -999.0  -999.0  -999.0 -999.000 -999.0 -999.0 -999.000 -999.0000000 -999.0000000 -999.0  100
 2014    8  176  931.67    4.69    4.55   79.4    4.49    1.29  -999.0  -999.0  -999.0   124.6   172.0    95.2    64.0 -999.000  306.5  321.4 -999.000 -999.0000000 -999.0000000 -999.0  100
 2014    9  177  918.46   -0.63   -0.89   85.6    3.42    2.65   157.8  -999.0  -999.0    71.2    75.6    51.5    52.0    0.725  292.0  306.7    2.303 -999.0000000 -999.0000000 -999.0  100
 2014   10  178  926.41   -4.08   -4.45   74.4    2.21    3.92   133.2    22.8    -9.2    30.7    37.7    26.7    26.4 -999.000  261.0  286.0    1.977 -999.0000000 -999.0000000 -999.0  100
 2014   11  179  914.92   -7.47   -7.95   71.7    1.57    3.47   136.1    27.1    -5.6     6.6     9.6     7.5     7.2 -999.000  237.7  267.0    1.810 -999.0000000 -999.0000000 -999.0  100
 2014   12  180  916.25  -11.60  -12.09   90.3    1.49    4.19   141.3    13.2    -2.5     1.5     2.6     2.4     2.1 -999.000  245.5  259.8    1.168 -999.0000000 -999.0000000 -999.0  100
 2015    1  181  911.91  -16.54  -17.08   91.0    0.88    4.09   106.0    18.7    -1.0     4.1     5.5     5.1     4.8 -999.000  228.3  239.5    0.742 -999.0000000 -999.0000000 -999.0  100
 2015    2  182  913.35  -17.38  -17.85   95.1    1.00    3.28   145.6  -999.0  -999.0    21.1    24.0    21.6    22.5 -999.000  238.1  240.0    0.467 -999.0000000 -999.0000000 -999.0  100
 2015    3  183  909.54  -16.85  -17.25   97.4    1.11    2.74   161.2  -999.0  -999.0    75.9    76.0    43.8    43.1    0.542  229.4  245.0 -999.000 -999.0000000 -999.0000000 -999.0   58
 2015    4  184  922.85   -7.61   -8.00  100.0 -999.00    2.81   182.6  -999.0  -999.0    47.0  -999.0     3.5  -999.0 -999.000 -999.0  282.3 -999.000 -999.0000000 -999.0000000 -999.0 -999
 2015    5  185  923.99   -3.57   -3.76   98.7 -999.00    1.61  -999.0  -999.0  -999.0    21.2  -999.0    16.9  -999.0 -999.000 -999.0  300.8 -999.000 -999.0000000 -999.0000000 -999.0   57
 2015    6  186  930.32    1.34    1.62   86.7 -999.00    1.35  -999.0  -999.0  -999.0   127.3  -999.0    64.9  -999.0 -999.000 -999.0 -999.0 -999.000 -999.0000000 -999.0000000 -999.0  100
 2015    7  187  936.68    4.93    5.35   72.9    4.13    2.52   182.8    18.7     1.5   280.7   287.2   170.7   170.4    0.609  286.6  322.9    1.907 -999.0000000 -999.0000000 -999.0  100
 2015    8  188  929.18    4.19    4.34   73.3    4.00    2.78   180.1    18.7     3.7   155.7   177.6    97.9    97.2    0.553  286.3  320.5    2.297   64.1622654   51.3586688  713.6  100
 2015    9  189  921.65   -0.33   -0.45   85.6    3.45    2.48   140.6     7.4    -5.0    66.7    93.9    48.7    47.0 -999.000  284.2  308.1    2.203   64.1622656   51.3586662  712.0  100
 2015   10  190  918.13   -6.33   -6.66   80.7    2.08    2.39  -999.0     8.6    -4.0    24.7    47.1    26.8    25.5 -999.000  251.7  277.5    1.805   64.1622661   51.3586599  711.7  100
 2015   11  191  917.85  -10.87  -11.35   69.8    1.21    0.00  -999.0     0.0     0.0     5.8    17.1     7.6    10.0 -999.000  216.7  253.1    1.703   64.1622670   51.3586594  711.7  100
 2015   12  192  908.99  -14.60  -15.12   75.5    0.92    0.00  -999.0     0.0     0.0     0.9     3.8     3.1     2.4 -999.000  202.1  240.4    1.415 -999.0000000 -999.0000000 -999.0  100
 2016    1  193  912.56   -9.08   -9.47   65.1    1.27    0.95  -999.0     8.2    -5.2     3.5     7.7     5.2     5.4 -999.000  234.0  261.5    1.351 -999.0000000 -999.0000000 -999.0  100
 2016    2  194  913.76  -10.87  -11.27   75.9    1.29    2.41   178.2    14.9    -8.0    18.9    28.8    19.9    21.3 -999.000  241.2  258.5    1.206   64.1622598   51.3586732  712.2  100
 2016    3  195  913.05   -9.98  -10.20   83.2    1.57    1.35  -999.0     3.3    -4.1    57.8    85.4    68.7    67.2 -999.000  256.3  267.0    0.946 -999.0000000 -999.0000000 -999.0  100
 2016    4  196  928.22   -2.74   -2.70   78.3    2.58    1.94  -999.0     9.7    -8.0   120.3   140.1   111.5   111.0 -999.000  277.0  297.4    1.018   64.1622605   51.3586574  712.1  100
 2016    5  197  927.68   -1.06   -0.91   84.9    3.17    1.46  -999.0  -999.0  -999.0   184.1   198.6   156.2   155.6    0.799  281.8  306.7 -999.000   64.1622613   51.3586651  712.5  100
 2016    6  198  928.03    4.07    4.39   74.8    4.01    1.76   122.6  -999.0  -999.0   228.4   243.3   147.6   147.1    0.597  295.5  321.4 -999.000   64.1622656   51.3586685  713.3  100
 2016    7  199  932.31    6.57    6.80   74.4    4.78    1.82    95.3  -999.0  -999.0   247.7   262.3    90.9    90.9    0.342  291.6  325.0 -999.000   64.1622679   51.3586651  713.0  100
 2016    8  200  928.02    6.30    6.35   72.7    4.60    2.06    43.2  -999.0  -999.0   195.4   204.5    61.5    62.0    0.294  289.1  324.4 -999.000   64.1622666   51.3586569  711.8  100
 2016    9  201  921.47    0.11   -0.03   65.4    2.66    3.61   350.8  -999.0  -999.0   116.5   113.6    70.7    69.8    0.664  263.0  303.7    2.415   64.1622648   51.3586559  710.4  100
 2016   10  202  922.14   -5.50   -5.88   81.9    2.10    3.33     3.0    15.5    -2.3    34.0    45.5    30.3    28.9 -999.000  245.5  279.9    1.975   64.1622677   51.3586589  709.7  100
 2016   11  203  920.66   -7.81   -8.25   83.6    1.89    3.81    36.2    17.5    -3.7     7.5    16.0     8.2     8.0 -999.000  254.2  273.5    1.398 -999.0000000 -999.0000000 -999.0  100
 2016   12  204  910.23  -10.71  -11.19   81.1    1.48    3.44     9.4    25.1    -9.1     1.3     5.3     2.6     2.0 -999.000  244.4  262.2    1.244   64.1622654   51.3586611  708.8  100
 2017    1  205  914.11  -12.36  -12.83   87.6 -999.00    4.25    18.0  -999.0  -999.0     4.4    11.9     4.7     3.1 -999.000  239.5  256.7    0.557 -999.0000000 -999.0000000 -999.0   67
 2017    2  206  910.96  -13.27  -13.70   94.8 -999.00    2.51     1.3  -999.0  -999.0    14.0  -999.0    13.1  -999.0 -999.000 -999.0  256.3 -999.000 -999.0000000 -999.0000000 -999.0   82
 2017    3  207  918.25  -11.95  -12.35   92.4    1.46    3.29    30.4  -999.0  -999.0    68.1    58.4    25.0    21.6    0.359  238.9  263.2 -999.000   64.1622672   51.3586375  711.3   45
 2017    4  208  925.20   -7.52   -7.87   99.7 -999.00    2.78    49.3  -999.0  -999.0    25.1  -999.0     7.8  -999.0 -999.000 -999.0  280.2 -999.000   64.1622683   51.3586636  710.7    7
 2017    5  209  932.35   -0.72   -0.41   86.8    3.33    2.47    46.5  -999.0  -999.0   190.1   236.6   114.7   142.6    0.555  278.3  309.7    0.445   64.1622661   51.3586606  711.8   80
 2017    6  210  927.14    2.56    3.10   71.8    3.48    2.15    53.5    13.2    -9.3   302.3   306.5   197.4   197.6    0.661  275.3  318.6    1.236   64.1622671   51.3586559  711.4  100
 2017    7  211  924.13    4.41    4.73   73.2    4.03    2.90    64.2    17.6     3.0   240.3   242.8   158.3   157.1    0.684  288.7  320.6    2.021   64.1622676   51.3586605  710.4  100
 2017    8  212  927.41    5.41    5.45   80.0    4.78    3.19    64.9    27.0    16.5   147.0   159.9    60.7    60.4    0.367  299.0  323.3    2.438   64.1622689   51.3586572  709.5  100
 2017    9  213  921.70   -0.06   -0.19   73.0    2.91    3.27    56.2    15.7   -10.9    85.7   102.5    58.2    58.5 -999.000  273.3  304.7    2.300   64.1622692   51.3586536  708.3  100
 2017   10  214  919.73   -3.12   -3.35   79.5    2.62    3.83    54.2    23.4    -2.2    28.5    38.5    25.8    25.8 -999.000  266.4  289.2    2.041   64.1622698   51.3586534  708.0  100
 2017   11  215  922.69   -6.47   -6.83   76.6    1.92    3.60    33.2    18.0    -6.4     6.8    11.6     7.6     7.8 -999.000  255.9  275.4    1.968 -999.0000000 -999.0000000 -999.0  100
 2017   12  216  918.20   -8.11   -8.48   82.0    1.76    3.59    35.7    19.6    -8.2     1.2     2.6     2.5     1.8 -999.000  258.2  271.4    1.504 -999.0000000 -999.0000000 -999.0  100
 2018    1  217  914.76  -13.33  -13.82   75.4    0.98    2.95   354.5    23.0    -5.3     3.9     7.6     5.5     5.3 -999.000  230.8  247.4    1.315 -999.0000000 -999.0000000 -999.0  100
 2018    2  218  911.53  -18.75  -19.23   88.0 -999.00    3.61    41.9  -999.0  -999.0    22.8    32.4    23.3    22.7 -999.000  226.7  233.4    0.777 -999.0000000 -999.0000000 -999.0  100
 2018    3  219  930.62  -10.24  -10.34   76.8    1.33    2.68     4.8    18.8   -14.4    77.6    98.0    72.9    74.1 -999.000  244.0  263.7    0.764 -999.0000000 -999.0000000 -999.0  100
 2018    4  220  922.05   -6.79   -6.64   77.8    1.79    2.88    46.0     9.8   -14.3   162.1   172.3   140.8   139.4    0.827  252.3  280.4    0.783   64.1622734   51.3586645  709.1  100
 2018    5  221  916.43   -7.32   -6.99   84.9    1.97    3.02    61.2    -3.8   -18.4   226.3   227.3   199.2   196.9    0.878  257.3  283.1    0.461   64.1622734   51.3586628  710.0  100
 2018    6  222  923.43    1.28    1.73   81.7    3.63    2.91    65.5    12.8    -8.2   233.0   237.9   176.0   174.9    0.760  291.6  316.8    0.939   64.1622683   51.3586689  709.5   90
 2018    7  223  924.48    4.11    4.48   80.1    4.37    2.80    71.1    21.4     3.6   211.5   221.7   133.3   133.4    0.611  301.1  322.2    1.951   64.1622703   51.3586703  708.8  100
 2018    8  224  924.12    3.25    3.42   83.8    4.31    3.26    73.3    17.8     2.6   134.0   140.4    69.8    69.4    0.531  303.5  319.7    2.312   64.1622692   51.3586754  707.9  100
 2018    9  225  921.75   -0.89   -0.80   84.6    3.20    3.09    60.1  -999.0  -999.0    75.8    82.5    63.5    63.6    0.779  291.0  306.0    2.129   64.1622696   51.3586771  707.2  100
 2018   10  226  919.52   -8.00   -8.23   73.7    1.67    4.12   335.2    24.3    -5.8    31.3    33.6    28.8    30.3 -999.000  230.6  267.5    1.633   64.1622692   51.3586756  706.9  100
 2018   11  227  921.54   -6.89   -7.16   58.4    1.38    3.44   345.4    32.1   -11.5     5.6    11.1     7.1    10.1 -999.000  224.2  265.1    1.499   64.1622724   51.3586747  707.0  100
 2018   12  228  915.43   -6.86   -7.11   81.6    1.86    2.84    34.9  -999.0  -999.0     1.1     2.8     2.5     2.5 -999.000  260.6  276.6    1.212 -999.0000000 -999.0000000 -999.0  100
 2019    1  229  918.18  -11.93  -12.30   88.0    1.36    3.18    25.5  -999.0  -999.0     4.2     5.7     5.3     5.2 -999.000  248.2  257.9 -999.000 -999.0000000 -999.0000000 -999.0  100
 2019    2  230  911.99  -11.13  -11.39   76.8    1.22    2.89   347.3    35.4   -12.3    19.6    21.9    19.6    20.2 -999.000  234.2  257.1    0.421   64.1622751   51.3586593  707.9  100
 2019    3  231  912.58  -12.50  -12.62   81.9    1.24    3.06    20.6  -999.0  -999.0    75.9    78.6    66.3    66.4 -999.000  236.0  255.6    0.532 -999.0000000 -999.0000000 -999.0  100
 2019    4  232  920.56   -5.23   -4.92   75.0    1.98    3.57   342.9  -999.0  -999.0   168.9   180.5   140.8   140.4    0.791  249.0  287.1    0.471   64.1622689   51.3586614  708.8   90
 2019    5  233  933.93    2.53    3.24   65.8    3.15    2.20    29.1    19.7   -16.4   273.2   290.7   194.0   192.6    0.664  262.5  316.9    0.802   64.1622725   51.3586672  708.6  100
 2019    6  234  935.37    4.66    5.05   72.2    4.02    2.20    49.8    15.2    -1.9   252.3   262.9   161.5   161.6    0.616  295.9  322.4    2.051   64.1622719   51.3586773  708.4  100
 2019    7  235  932.00    6.63    6.78   71.3    4.60    2.55    66.8    21.5     3.0   225.2   236.3    84.4    84.2    0.352  299.7  324.8    2.455   64.1622743   51.3586772  707.7  100
 2019    8  236  931.91    5.16    5.13   71.0    4.15    2.54    35.7  -999.0  -999.0   176.9   193.8    58.1    57.8    0.296  284.7  321.6    2.494   64.1622751   51.3586752  705.9  100
 2019    9  237  924.46    1.09    0.75   72.9    3.16    2.98    44.2  -999.0  -999.0    91.4    96.3    71.0    69.0 -999.000  270.9  303.4 -999.000   64.1622748   51.3586703  705.1  100
 2019   10  238  927.37   -0.95   -1.76   49.4    1.79    3.52     3.2    33.0   -17.6    50.6    53.2    41.7    40.9 -999.000  227.7  285.4    2.071   64.1622737   51.3586735  704.9  100
 2019   11  239  920.76   -4.40   -5.35   55.4    1.54    3.28    33.1    27.8   -12.3    10.3    12.5    10.7     9.4 -999.000  233.0  272.6    1.799 -999.0000000 -999.0000000 -999.0  100
 2019   12  240  915.59   -9.97  -11.08   56.2    1.01    3.10   280.8    29.8    -6.3     1.8     2.8     4.0     2.1 -999.000  214.7  249.1    1.368 -999.0000000 -999.0000000 -999.0  100
 2020    1  241  908.80  -15.78  -16.92   76.8    0.86    3.45   349.5    18.4    -5.5     5.2     7.3     6.8     5.2 -999.000  236.5  242.7    0.867 -999.0000000 -999.0000000 -999.0  100
 2020    2  242  906.40  -15.70  -16.74   74.6    0.85    2.72   346.9    26.0    -3.4    31.2    41.8    32.4    29.0 -999.000  229.1  238.4    0.605 -999.0000000 -999.0000000 -999.0  100
 2020    3  243  919.33  -13.26  -14.16   65.7    0.97    3.70   318.4    35.6    -9.9   114.6   102.9    98.5    74.9 -999.000  213.3  246.8    0.527 -999.0000000 -999.0000000 -999.0  100
 2020    4  244  924.89   -6.24   -6.88   69.9    1.84    2.06  -999.0  -999.0  -999.0   230.9   173.3   182.7   128.2    0.722  227.0  275.9 -999.000   64.1622765   51.3586661  704.4  100
 2020    5  245  926.99   -0.59   -0.83   68.2    2.59    1.21   288.9  -999.0  -999.0   349.2   241.8   255.8   176.8    0.710  247.1  298.5    0.486   64.1622748   51.3586679  705.5  100
 2020    6  246  928.81    1.51    1.31   70.1    3.16    1.39  -999.0     3.6    -6.8   315.1   247.3   227.1   177.6    0.725  281.6  308.0    0.839   64.1622744   51.3586775  706.5  100
 2020    7  247  929.81    6.07    5.91   67.0    4.13    1.78    15.0    17.5     2.4   304.3   225.7   172.6   121.0    0.514  285.4  311.1    2.118   64.1622777   51.3586814  705.6  100
 2020    8  248  926.17    5.14    4.87   67.2    3.90    1.61    56.9    13.5     1.5   241.3   126.6    85.6    42.4    0.326  268.1  311.2    2.349   64.1622793   51.3586790  704.7  100
 2020    9  249  921.66   -0.73   -1.14   80.2    3.16    2.74    88.2    12.5    -3.6   122.8    99.7    65.0    49.4    0.479  267.5  299.6    2.518   64.1622771   51.3586805  703.5  100
 2020   10  250  922.84   -3.53   -4.08   81.4    2.62    3.30   137.4    13.2    -2.5    41.5    47.3    32.0    29.0 -999.000  250.6  282.8    2.334   64.1622781   51.3586804  703.7  100
 2020   11  251  914.16   -9.02   -9.73   84.7    1.68    3.97   128.4    16.8    -1.3     9.8    12.5    10.4     8.2 -999.000  242.8  263.1    1.868 -999.0000000 -999.0000000 -999.0  100
 2020   12  252  923.85   -8.03   -8.69   83.9    1.81    4.03   147.6  -999.0  -999.0     2.0     3.0     3.4     2.1 -999.000  247.8  268.0    1.313 -999.0000000 -999.0000000 -999.0  100
 2021    1  253  925.60   -8.15   -8.80   80.4    1.61    2.99   137.2    43.5    -0.5     5.0     4.6     6.6     3.5 -999.000  223.0  263.5    0.620 -999.0000000 -999.0000000 -999.0  100
 2021    2  254  918.78  -12.85  -13.56   80.3    1.10    2.72    98.0    33.6    -0.4    24.5    28.1    28.0    23.3 -999.000  213.3  243.2    0.654 -999.0000000 -999.0000000 -999.0  100
 2021    3  255  917.71  -11.17  -11.58   85.2    1.47    2.67   124.6  -999.0  -999.0    92.8    97.8    93.5    85.5 -999.000  240.9  258.5    0.450 -999.0000000 -999.0000000 -999.0  100
 2021    4  256  936.32   -4.98   -5.17   92.4    2.64    3.25   161.2  -999.0  -999.0   224.7   151.7   191.5   114.3    0.717  245.6  286.6 -999.000   64.1622780   51.3586590  702.0   66
 2021    5  257  930.63   -1.83   -1.69   80.6    2.79    2.42   128.5  -999.0  -999.0   335.0   188.2   260.0   135.5    0.689  228.9  295.6    0.384   64.1622825   51.3586797  705.5  100
 2021    6  258  926.00    1.28    1.64   86.6    3.87    2.56   161.9    22.4     6.1   318.0   245.3   231.4   169.0    0.686  276.9  308.7    0.685 -999.0000000 -999.0000000 -999.0  100
 2021    7  259  927.95    5.36    5.61   73.9    4.38    2.80   159.0    24.3    10.7   288.0   206.1   169.6   101.6    0.510  276.3  309.9    1.906   64.1622815   51.3586703  705.1  100
 2021    8  260  927.94    5.02    4.99   83.8    4.86    2.97   162.8    30.9    16.6   159.2   134.9    63.2    45.2    0.348  300.4  314.5    2.119   64.1622832   51.3586663  704.0  100
 2021    9  261  926.08   -1.43   -1.69   66.7    2.49    2.85    70.6  -999.0  -999.0   121.9  -999.0    87.1  -999.0 -999.000  218.0  291.1 -999.000   64.1622827   51.3586678  702.8  100
 2021   10  262  928.85   -1.39   -1.72   55.7    2.01    3.44    98.7  -999.0  -999.0    32.0  -999.0    31.6  -999.0 -999.000  214.4  283.9    1.939 -999.0000000 -999.0000000 -999.0  100
 2021   11  263  922.97   -7.45   -8.08   84.5 -999.00    4.31   135.3  -999.0  -999.0     8.4  -999.0     9.3  -999.0 -999.000  234.5  268.0    1.830 -999.0000000 -999.0000000 -999.0  100
 2021   12  264  913.71   -5.73   -6.50   73.4 -999.00    2.96   124.9  -999.0  -999.0     1.6  -999.0     3.8  -999.0 -999.000  237.8  268.4    1.418 -999.0000000 -999.0000000 -999.0  100
 2022    1  265 -999.00 -999.00 -999.00 -999.0 -999.00 -999.00  -999.0  -999.0  -999.0  -999.0  -999.0  -999.0  -999.0 -999.000 -999.0 -999.0 -999.000 -999.0000000 -999.0000000 -999.0  100
