 Year MonthOfYear MonthOfCentury AirPressure(hPa) AirTemperature(C) AirTemperatureHygroClip(C) RelativeHumidity(%) SpecificHumidity(g/kg) WindSpeed(m/s) WindDirection(d) SensibleHeatFlux(W/m2) LatentHeatFlux(W/m2) ShortwaveRadiationDown(W/m2) ShortwaveRadiationDown_Cor(W/m2) ShortwaveRadiationUp(W/m2) ShortwaveRadiationUp_Cor(W/m2) Albedo_theta<70d LongwaveRadiationDown(W/m2) LongwaveRadiationUp(W/m2) HeightSensorBoom(m) LatitudeGPS_HDOP<1(degN) LongitudeGPS_HDOP<1(degW) ElevationGPS_HDOP<1(m) FanOK(%)
 2007    8   92 -999.00 -999.00 -999.00 -999.0 -999.00 -999.00  -999.0  -999.0  -999.0  -999.0  -999.0  -999.0  -999.0 -999.000 -999.0 -999.0 -999.000 -999.0000000 -999.0000000 -999.0 -999
 2007    9   93  874.17   -3.00   -3.71   75.0    2.70    5.98   127.3    38.9   -16.5   121.5   127.2   107.4   106.5    0.844  253.8  292.0    2.430   64.4987502   49.2584119 1022.3 -999
 2007   10   94  869.11   -7.63   -8.45   68.6    1.80    6.31   113.6    47.4   -20.8    57.1    62.6    51.7    50.4 -999.000  221.5  268.9    2.499   64.4987049   49.2585561  963.8 -999
 2007   11   95  872.27   -9.67  -10.54   83.3    1.83    6.53   139.0    40.2    -1.0    11.9    12.1    13.1     8.1 -999.000  237.1  263.9    2.367 -999.0000000 -999.0000000 -999.0 -999
 2007   12   96 -999.00 -999.00 -999.00 -999.0 -999.00 -999.00  -999.0  -999.0  -999.0  -999.0  -999.0  -999.0  -999.0 -999.000 -999.0 -999.0 -999.000 -999.0000000 -999.0000000 -999.0 -999
 2008    1   97 -999.00 -999.00 -999.00 -999.0 -999.00 -999.00  -999.0  -999.0  -999.0  -999.0  -999.0  -999.0  -999.0 -999.000 -999.0 -999.0 -999.000 -999.0000000 -999.0000000 -999.0 -999
 2008    2   98 -999.00 -999.00 -999.00 -999.0 -999.00 -999.00  -999.0  -999.0  -999.0  -999.0  -999.0  -999.0  -999.0 -999.000 -999.0 -999.0 -999.000 -999.0000000 -999.0000000 -999.0 -999
 2008    3   99 -999.00 -999.00 -999.00 -999.0 -999.00 -999.00  -999.0  -999.0  -999.0  -999.0  -999.0  -999.0  -999.0 -999.000 -999.0 -999.0 -999.000 -999.0000000 -999.0000000 -999.0 -999
 2008    4  100 -999.00 -999.00 -999.00 -999.0 -999.00 -999.00  -999.0  -999.0  -999.0  -999.0  -999.0  -999.0  -999.0 -999.000 -999.0 -999.0 -999.000 -999.0000000 -999.0000000 -999.0 -999
 2008    5  101 -999.00 -999.00 -999.00 -999.0 -999.00 -999.00  -999.0  -999.0  -999.0  -999.0  -999.0  -999.0  -999.0 -999.000 -999.0 -999.0 -999.000 -999.0000000 -999.0000000 -999.0 -999
 2008    6  102 -999.00 -999.00 -999.00 -999.0 -999.00 -999.00  -999.0  -999.0  -999.0  -999.0  -999.0  -999.0  -999.0 -999.000 -999.0 -999.0 -999.000 -999.0000000 -999.0000000 -999.0 -999
 2008    7  103 -999.00 -999.00 -999.00 -999.0 -999.00 -999.00  -999.0  -999.0  -999.0  -999.0  -999.0  -999.0  -999.0 -999.000 -999.0 -999.0 -999.000 -999.0000000 -999.0000000 -999.0 -999
 2008    8  104  876.50    0.54   -0.14   79.9    3.66    3.21   119.3    17.7    -4.1   187.1   193.6   129.7   128.7    0.648  272.2  309.2    2.625 -999.0000000 -999.0000000 -999.0 -999
 2008    9  105  872.33   -3.12   -3.99   83.5    2.97    4.04   133.8    20.1    -4.3   112.8   119.9    98.8    98.1    0.813  262.9  293.0    2.524   64.4982005   49.2613874  900.2 -999
 2008   10  106  871.01   -7.88   -8.93   80.5    2.12    5.73   116.9    35.6    -3.5    46.9    54.6    47.0    47.2 -999.000  243.9  271.5    2.063   64.4981535   49.2616019  931.4 -999
 2008   11  107  871.73   -7.95   -9.10   86.3    2.24    5.81   141.3    30.8     0.6    10.4    13.9    11.3    11.1 -999.000  251.4  273.1    2.017   64.4981333   49.2616667 1139.0 -999
 2008   12  108 -999.00 -999.00 -999.00 -999.0 -999.00 -999.00  -999.0  -999.0  -999.0  -999.0  -999.0  -999.0  -999.0 -999.000 -999.0 -999.0 -999.000 -999.0000000 -999.0000000 -999.0 -999
 2009    1  109 -999.00 -999.00 -999.00 -999.0 -999.00 -999.00  -999.0  -999.0  -999.0  -999.0  -999.0  -999.0  -999.0 -999.000 -999.0 -999.0 -999.000 -999.0000000 -999.0000000 -999.0 -999
 2009    2  110 -999.00 -999.00 -999.00 -999.0 -999.00 -999.00  -999.0  -999.0  -999.0  -999.0  -999.0  -999.0  -999.0 -999.000 -999.0 -999.0 -999.000 -999.0000000 -999.0000000 -999.0 -999
 2009    3  111 -999.00 -999.00 -999.00 -999.0 -999.00 -999.00  -999.0  -999.0  -999.0  -999.0  -999.0  -999.0  -999.0 -999.000 -999.0 -999.0 -999.000 -999.0000000 -999.0000000 -999.0 -999
 2009    4  112 -999.00 -999.00 -999.00 -999.0 -999.00 -999.00  -999.0  -999.0  -999.0  -999.0  -999.0  -999.0  -999.0 -999.000 -999.0 -999.0 -999.000 -999.0000000 -999.0000000 -999.0 -999
 2009    5  113 -999.00 -999.00 -999.00 -999.0 -999.00 -999.00  -999.0  -999.0  -999.0  -999.0  -999.0  -999.0  -999.0 -999.000 -999.0 -999.0 -999.000 -999.0000000 -999.0000000 -999.0 -999
 2009    6  114 -999.00 -999.00 -999.00 -999.0 -999.00 -999.00  -999.0  -999.0  -999.0  -999.0  -999.0  -999.0  -999.0 -999.000 -999.0 -999.0 -999.000 -999.0000000 -999.0000000 -999.0 -999
 2009    7  115 -999.00 -999.00 -999.00 -999.0 -999.00 -999.00  -999.0  -999.0  -999.0  -999.0  -999.0  -999.0  -999.0 -999.000 -999.0 -999.0 -999.000 -999.0000000 -999.0000000 -999.0 -999
 2009    8  116 -999.00 -999.00 -999.00 -999.0 -999.00 -999.00  -999.0  -999.0  -999.0  -999.0  -999.0  -999.0  -999.0 -999.000 -999.0 -999.0 -999.000 -999.0000000 -999.0000000 -999.0  100
 2009    9  117  872.14   -4.32   -4.45   83.4    2.68    4.20   135.7    20.0    -5.9   125.5   124.8   105.0   104.1    0.848  262.8  288.3    2.381   64.4975840   49.2647392 1138.8  100
 2009   10  118  876.53   -9.51   -9.77   76.9    1.63    6.05   116.7    44.3    -5.2    64.2    64.6    55.2    54.3 -999.000  219.2  261.0    2.149   64.4975396   49.2649656 1137.9  100
 2009   11  119  868.02  -13.63  -13.90   73.6    1.12    5.69   121.8    58.4     0.4    16.8    18.1    15.5    15.0 -999.000  191.2  240.8    2.100 -999.0000000 -999.0000000 -999.0  100
 2009   12  120  876.18   -9.00   -9.31   61.4    1.37    8.74   112.0    67.8   -20.3     3.4     3.9     3.9     3.2 -999.000  203.9  261.0    2.422   64.4974492   49.2654625 1142.2  100
 2010    1  121  869.71   -8.09   -8.38   70.6    1.64    6.17   125.0    47.8   -12.6     7.6     7.1     6.6     5.8 -999.000  227.7  266.8    2.590 -999.0000000 -999.0000000 -999.0  100
 2010    2  122  880.03   -8.19   -8.47   66.9    1.52    7.03   112.8    55.7   -17.9    44.9    38.9    32.4    31.5 -999.000  213.9  264.8    2.608   64.4973134   49.2660466 1138.9  100
 2010    3  123  874.46  -10.41  -10.59   71.1    1.41    5.93   123.7    46.5    -9.6   120.0   115.7    92.7    90.3    0.785  208.7  257.9    2.621 -999.0000000 -999.0000000 -999.0  100
 2010    4  124  880.47   -6.79   -6.84   71.8    1.84    5.02   124.5    33.7    -8.9   231.6   226.7   180.4   178.1    0.790  216.6  272.0    2.665   64.4972250   49.2665861 1138.1  100
 2010    5  125  885.41    0.89    0.81   69.6    3.24    5.73   119.8    47.7   -24.9   269.2   268.1   169.1   168.5    0.637  257.2  305.3    2.614   64.4971755   49.2668507 1138.3  100
 2010    6  126  882.37    1.78    1.73   77.4    3.79    3.76   104.4    24.9    -9.6   317.8   309.5   178.5   174.6    0.567  270.0  311.5    2.517   64.4971179   49.2671793 1138.2  100
 2010    7  127  881.85    2.45    2.39   75.2    3.87    3.14    80.1    20.7    -6.8   323.7   318.8   165.8   164.6    0.515  266.4  312.3    2.431   64.4970713   49.2674499 1136.2  100
 2010    8  128 -999.00 -999.00 -999.00 -999.0 -999.00 -999.00  -999.0  -999.0  -999.0  -999.0  -999.0  -999.0  -999.0 -999.000 -999.0 -999.0 -999.000 -999.0000000 -999.0000000 -999.0 -999
 2010    9  129 -999.00 -999.00 -999.00 -999.0 -999.00 -999.00  -999.0  -999.0  -999.0  -999.0  -999.0  -999.0  -999.0 -999.000 -999.0 -999.0 -999.000 -999.0000000 -999.0000000 -999.0 -999
 2010   10  130 -999.00 -999.00 -999.00 -999.0 -999.00 -999.00  -999.0  -999.0  -999.0  -999.0  -999.0  -999.0  -999.0 -999.000 -999.0 -999.0 -999.000 -999.0000000 -999.0000000 -999.0  100
 2010   11  131 -999.00 -999.00 -999.00 -999.0 -999.00 -999.00  -999.0  -999.0  -999.0  -999.0  -999.0  -999.0  -999.0 -999.000 -999.0 -999.0 -999.000 -999.0000000 -999.0000000 -999.0  100
 2010   12  132 -999.00 -999.00 -999.00 -999.0 -999.00 -999.00  -999.0  -999.0  -999.0  -999.0  -999.0  -999.0  -999.0 -999.000 -999.0 -999.0 -999.000 -999.0000000 -999.0000000 -999.0   93
 2011    1  133 -999.00 -999.00 -999.00 -999.0 -999.00 -999.00  -999.0  -999.0  -999.0  -999.0  -999.0  -999.0  -999.0 -999.000 -999.0 -999.0 -999.000 -999.0000000 -999.0000000 -999.0   60
 2011    2  134 -999.00 -999.00 -999.00 -999.0 -999.00 -999.00  -999.0  -999.0  -999.0  -999.0  -999.0  -999.0  -999.0 -999.000 -999.0 -999.0 -999.000 -999.0000000 -999.0000000 -999.0 -999
 2011    3  135 -999.00 -999.00 -999.00 -999.0 -999.00 -999.00  -999.0  -999.0  -999.0  -999.0  -999.0  -999.0  -999.0 -999.000 -999.0 -999.0 -999.000 -999.0000000 -999.0000000 -999.0   36
 2011    4  136 -999.00 -999.00 -999.00 -999.0 -999.00 -999.00  -999.0  -999.0  -999.0  -999.0  -999.0  -999.0  -999.0 -999.000 -999.0 -999.0 -999.000   64.4966894   49.2695369 1131.5   16
 2011    5  137  882.99   -4.99   -5.09   97.2 -999.00    0.00  -999.0  -999.0  -999.0     2.6  -999.0     4.2  -999.0 -999.000 -999.0 -999.0 -999.000   64.4966474   49.2697604 1131.9   77
 2011    6  138  890.68    0.50    0.85   83.2    3.67    0.00  -999.0  -999.0  -999.0    34.0    53.9    43.1    48.9 -999.000  313.3  308.4    2.263   64.4966010   49.2700228 1133.0  100
 2011    7  139  882.54    2.03    2.34   80.0    3.98    0.00  -999.0     0.0     0.0    40.4    96.0    82.6    82.6 -999.000  312.4  306.8    2.565   64.4965443   49.2703191 1131.3  100
 2011    8  140  886.07    1.10    1.36   80.6    3.77    0.81  -999.0     4.9     0.1    54.5    79.3    59.8    59.4 -999.000  310.0  310.9    2.635   64.4965007   49.2705431 1129.7  100
 2011    9  141  872.44   -3.24   -3.19   72.6    2.53    4.13   121.3    13.1   -23.9   135.2   128.2    88.7    87.5    0.694  251.9  296.3    2.597   64.4964718   49.2707165 1128.1  100
 2011   10  142  874.74  -10.08  -10.27   72.3    1.44    4.75   103.5    18.8   -13.5    64.7    60.2    46.0    45.3 -999.000  221.5  265.1    2.576   64.4964364   49.2709033 1127.1  100
 2011   11  143  865.32  -15.59  -15.90   70.5    0.99    4.86   109.8    22.1   -11.9    21.1    16.2    11.9    11.6 -999.000  189.8  241.3    2.640   64.4963732   49.2711358 1127.3  100
 2011   12  144  862.89  -16.91  -17.25   81.9    0.89    5.65   119.5    18.2    -5.5     2.4     3.3     2.8     2.3 -999.000  208.8  239.2    2.418 -999.0000000 -999.0000000 -999.0  100
 2012    1  145  863.26  -16.00  -16.31   75.7    0.92    6.65   111.3    26.5   -11.1     8.6     8.6     6.0     5.7 -999.000  205.8  241.4    2.624   64.4962993   49.2715809 1127.0  100
 2012    2  146  866.56  -13.90  -14.13   74.2    1.15    5.48   120.8    21.0   -12.0    42.5    39.6    25.9    25.6 -999.000  208.3  250.1    2.689   64.4962656   49.2718393 1126.4  100
 2012    3  147  868.35  -16.52  -16.65   74.6    1.07    4.62   114.8    20.9   -13.5   110.7   105.2    78.4    74.9    0.740  210.0  241.9    2.617   64.4962201   49.2720443 1131.1  100
 2012    4  148  879.66   -5.95   -5.83   79.0    2.31    4.52   129.9     8.7   -20.8   187.3   186.6   136.2   134.6    0.725  256.0  287.4    2.592   64.4961642   49.2722639 1127.0  100
 2012    5  149  886.12   -1.60   -1.31   71.6    2.75    4.15   120.4    16.8   -25.6   281.3   277.9   190.2   188.4    0.694  259.6  304.2    2.497   64.4961207   49.2724919 1127.4  100
 2012    6  150  890.68    2.52    2.81   72.6    3.71    3.46    91.5    24.9   -13.2   328.8   330.2   166.2   166.2    0.510  272.2  318.8    2.495   64.4960658   49.2727744 1127.5  100
 2012    7  151  884.11    3.29    3.54   75.4    4.12    3.68    84.9    32.5    -2.1   262.7   262.0   125.6   124.7    0.469  289.8  320.8    2.595   64.4960184   49.2730333 1126.2  100
 2012    8  152  884.58    1.95    2.18   78.2    3.89    3.42    83.2    22.3    -7.6   197.3   192.8   105.7   104.7    0.542  284.5  317.3    2.639   64.4959710   49.2732478 1125.4  100
 2012    9  153  878.19   -0.89   -0.77   81.1    3.31    3.81   134.7    17.1   -12.2   111.9   109.6    82.8    82.7    0.739  279.3  306.1    2.583   64.4958977   49.2734480 1122.5  100
 2012   10  154  882.40   -4.22   -4.29   79.2    2.55    5.29   118.9    22.0   -20.1    49.2    41.9    36.9    36.0 -999.000  262.9  291.1    2.593   64.4958622   49.2736270 1120.6  100
 2012   11  155  873.21  -10.72  -10.85   75.3    1.59    5.29   119.2    21.8   -12.5    15.0    13.3    12.4    11.4 -999.000  230.1  263.1    2.462 -999.0000000 -999.0000000 -999.0  100
 2012   12  156  873.95  -11.81  -11.99   66.6    1.23    6.58   112.0    35.6   -20.3     4.3     2.1     3.9     1.8 -999.000  205.2  255.2    2.568   64.4957656   49.2740428 1117.3 -999
 2013    1  157  860.05  -12.95  -13.11   70.7    1.08    7.91   109.7    31.1   -19.7    10.0     8.3     7.3     6.9 -999.000  208.7  253.0    2.638 -999.0000000 -999.0000000 -999.0 -999
 2013    2  158  871.24  -14.21  -14.39   70.0    0.93    5.23   121.3    22.2   -12.8    54.9    39.4    32.8    32.0 -999.000  197.0  247.5    2.676 -999.0000000 -999.0000000 -999.0 -999
 2013    3  159  888.20   -8.93   -9.11   63.6    1.44    5.36   116.2    25.8   -23.8   135.5   116.2    79.7    77.5    0.668  210.8  267.6    2.684 -999.0000000 -999.0000000 -999.0 -999
 2013    4  160  880.62   -8.32   -8.55   64.3    1.45    5.47   113.6    19.5   -31.7   236.4   218.2   147.1   146.1    0.663  211.2  272.5    2.634 -999.0000000 -999.0000000 -999.0 -999
 2013    5  161  882.43   -5.89   -6.20   69.5    1.96    4.14   130.2    13.4   -16.1   294.9   285.0   226.1   224.5    0.795  239.8  282.4    2.544   64.4955693   49.2750429 1122.4 -999
 2013    6  162  879.02    2.09    1.81   67.8    3.38    3.97   106.1    25.9   -22.5   322.5   311.7   195.6   194.3    0.635  271.0  314.6    2.570   64.4955145   49.2752878 1119.3 -999
 2013    7  163  881.15    2.80    2.14   71.0    3.74    3.96   108.2    30.9   -11.4   290.6   284.4   167.8   167.4    0.584  277.3  316.3    2.542   64.5002975   49.2714851 1123.0   29
 2013    8  164  876.42    0.16   -1.37   77.7    3.45    4.85   125.9    21.4   -16.0   214.0   212.4   129.7   128.5    0.634  271.5  309.1    2.618   64.5115550   49.2622607 1131.1  100
 2013    9  165  875.11   -2.56   -4.20   79.7    2.89    6.00   133.0    27.0   -18.9   107.8   106.7    92.4    92.1    0.874  279.9  297.7    2.230   64.5115364   49.2624339 1129.2  100
 2013   10  166  875.63   -6.74   -8.52   75.8    2.01    6.38   122.8    40.0   -14.0    61.2    64.1    48.4    47.8 -999.000  236.9  275.7    2.028   64.5115159   49.2626037 1128.7  100
 2013   11  167  867.60  -11.80  -13.66   84.6    1.54    7.03   133.3    29.2    -6.3    12.8    17.8    11.8    11.0 -999.000  234.1  258.0    1.919 -999.0000000 -999.0000000 -999.0  100
 2013   12  168 -999.00 -999.00 -999.00 -999.0 -999.00 -999.00  -999.0  -999.0  -999.0  -999.0  -999.0  -999.0  -999.0 -999.000 -999.0 -999.0 -999.000 -999.0000000 -999.0000000 -999.0  100
 2014    1  169 -999.00 -999.00 -999.00 -999.0 -999.00 -999.00  -999.0  -999.0  -999.0  -999.0  -999.0  -999.0  -999.0 -999.000 -999.0 -999.0 -999.000 -999.0000000 -999.0000000 -999.0 -999
 2014    2  170 -999.00 -999.00 -999.00 -999.0 -999.00 -999.00  -999.0  -999.0  -999.0  -999.0  -999.0  -999.0  -999.0 -999.000 -999.0 -999.0 -999.000 -999.0000000 -999.0000000 -999.0 -999
 2014    3  171 -999.00 -999.00 -999.00 -999.0 -999.00 -999.00  -999.0  -999.0  -999.0  -999.0  -999.0  -999.0  -999.0 -999.000 -999.0 -999.0 -999.000 -999.0000000 -999.0000000 -999.0 -999
 2014    4  172 -999.00 -999.00 -999.00 -999.0 -999.00 -999.00  -999.0  -999.0  -999.0  -999.0  -999.0  -999.0  -999.0 -999.000 -999.0 -999.0 -999.000 -999.0000000 -999.0000000 -999.0 -999
 2014    5  173 -999.00 -999.00 -999.00 -999.0 -999.00 -999.00  -999.0  -999.0  -999.0  -999.0  -999.0  -999.0  -999.0 -999.000 -999.0 -999.0 -999.000 -999.0000000 -999.0000000 -999.0 -999
 2014    6  174 -999.00 -999.00 -999.00 -999.0 -999.00 -999.00  -999.0  -999.0  -999.0  -999.0  -999.0  -999.0  -999.0 -999.000 -999.0 -999.0 -999.000 -999.0000000 -999.0000000 -999.0 -999
 2014    7  175 -999.00 -999.00 -999.00 -999.0 -999.00 -999.00  -999.0  -999.0  -999.0  -999.0  -999.0  -999.0  -999.0 -999.000 -999.0 -999.0 -999.000 -999.0000000 -999.0000000 -999.0  100
 2014    8  176  884.84    1.95    1.31   76.8    3.81    4.65   108.2    30.8   -14.7   202.0   201.3    94.6    94.2    0.462  273.7  315.0    2.623   64.5112915   49.2644944 1127.5  100
 2014    9  177  871.22   -3.23   -3.98   83.8    2.92    4.99   127.3    22.1   -12.7    99.7   100.7    78.8    76.0    0.768  273.0  295.9    2.462   64.5112668   49.2646361 1127.5  100
 2014   10  178  877.87   -9.06   -9.93   78.9    1.80    6.41   105.8    34.7   -11.7    57.7    51.7    45.7    45.4 -999.000  235.8  268.5    2.095   64.5112532   49.2647803 1127.1  100
 2014   11  179  866.53  -12.26  -13.25   73.2    1.23    7.46   104.3    47.6   -10.8    18.8    14.7    13.7    13.4 -999.000  208.5  252.4    2.023   64.5112253   49.2649388 1126.7  100
 2014   12  180  866.97  -17.04  -18.04   86.4    1.03    7.42   111.3    30.4    -3.1     2.5     2.7     2.8     2.5 -999.000  211.5  238.4    1.889   64.5112251   49.2650675 1126.9  100
 2015    1  181  861.76  -20.99  -21.98   83.0    0.67    6.31   115.1    35.4    -1.8     8.8     7.3     7.0     6.8 -999.000  192.7  222.5    1.779 -999.0000000 -999.0000000 -999.0  100
 2015    2  182  863.20  -20.35  -21.28   86.2    0.83    6.44   120.3    34.8    -3.4    41.9    34.7    32.6    32.6 -999.000  195.1  225.7    1.682   64.5111661   49.2653925 1129.9  100
 2015    3  183  859.49  -19.59  -20.44   83.5    0.82    5.82   111.0    33.6    -6.8   111.9   110.0    91.1    92.7    0.850  196.4  228.5    1.543   64.5111493   49.2654043 1131.2  100
 2015    4  184 -999.00 -999.00 -999.00 -999.0 -999.00 -999.00  -999.0  -999.0  -999.0  -999.0  -999.0  -999.0  -999.0 -999.000 -999.0 -999.0 -999.000 -999.0000000 -999.0000000 -999.0   92
 2015    5  185 -999.00 -999.00 -999.00 -999.0 -999.00 -999.00  -999.0  -999.0  -999.0  -999.0  -999.0  -999.0  -999.0 -999.000 -999.0 -999.0 -999.000 -999.0000000 -999.0000000 -999.0 -999
 2015    6  186 -999.00 -999.00 -999.00 -999.0 -999.00 -999.00  -999.0  -999.0  -999.0  -999.0  -999.0  -999.0  -999.0 -999.000 -999.0 -999.0 -999.000 -999.0000000 -999.0000000 -999.0  100
 2015    7  187  889.56    1.69    1.28   75.9    3.66    4.33    99.1    29.5   -16.3   309.9   310.5   210.2   209.7    0.686  264.2  315.1    2.248 -999.0000000 -999.0000000 -999.0  100
 2015    8  188  882.79   -0.03   -0.26   77.5    3.37    4.54   106.2    23.8   -15.1   203.0   204.7   149.1   147.8    0.725  270.5  308.3    2.470   64.5110543   49.2665273 1126.2  100
 2015    9  189  874.85   -3.44   -3.76   83.4    2.87    4.25   111.1    21.0    -6.5   111.5   114.7    89.6    89.1    0.780  268.3  293.2    2.527   64.5110301   49.2667477 1125.4  100
 2015   10  190  870.76  -10.57  -11.01   81.3    1.69    6.59   113.4    33.8    -8.1    49.6    49.6    45.2    45.7 -999.000  231.8  261.0    2.129   64.5110136   49.2669208 1125.1  100
 2015   11  191  869.88  -15.90  -16.39   78.4    1.04    5.85   109.6    45.6    -4.0    14.1    15.5    14.8    14.4 -999.000  198.2  238.5    2.004   64.5109905   49.2671060 1123.5  100
 2015   12  192  860.61  -19.46  -19.97   80.2    0.71    6.36   100.2    44.5    -2.7     2.6     3.5     4.0     3.3 -999.000  187.6  224.5    1.757   64.5109691   49.2673001 1123.8  100
 2016    1  193  865.41  -13.46  -13.94   72.4    1.20    8.41    98.6    57.7   -27.9     6.5     6.9     7.0     6.7 -999.000  215.6  250.6    1.955 -999.0000000 -999.0000000 -999.0  100
 2016    2  194  866.54  -14.24  -14.70   74.9    1.02    8.34   109.4    45.4   -16.6    29.3    25.2    25.0    24.9 -999.000  215.6  246.2    2.087   64.5109260   49.2676735 1125.0  100
 2016    3  195  865.79  -12.29  -12.63   79.7    1.33    6.81   115.3    30.1   -15.6    92.5    85.4    78.3    80.6 -999.000  226.0  256.1    2.033   64.5109034   49.2678506 1124.5  100
 2016    4  196  881.79   -3.98   -4.20   73.4    2.46    7.39   118.8    39.7   -34.0   168.7   151.9   136.7   137.2    0.912  255.6  290.5    2.149   64.5108811   49.2680540 1123.7  100
 2016    5  197  881.11   -2.94   -3.03   79.0    2.80    4.95   123.6    15.6   -19.3   261.3   246.7   205.0   205.5    0.835  259.5  298.4    2.304   64.5108568   49.2682582 1124.0  100
 2016    6  198  882.12    1.71    1.58   80.9    3.95    4.34   109.0    31.9    -7.7   280.1   270.2   156.0   153.6    0.570  287.7  315.9    2.580   64.5108292   49.2685041 1123.9  100
 2016    7  199  886.65    2.10    1.97   77.3    3.87    4.35    96.0    28.6   -10.8   306.4   294.8   146.5   146.6    0.492  264.2  316.0    2.588   64.5108080   49.2687284 1122.3  100
 2016    8  200  882.41    1.79    1.59   77.9    3.84    3.56    88.0    20.4    -9.6   237.6   224.0   105.1   104.5    0.460  266.6  314.8    2.618   64.5107862   49.2689066 1120.3  100
 2016    9  201  874.96   -3.97   -4.25   77.4    2.53    4.39    92.8    18.2   -14.2   144.5   132.1    95.2    94.5    0.744  250.8  291.1    2.643   64.5107717   49.2690413 1119.1  100
 2016   10  202  874.85   -9.53   -9.92   79.2    1.75    5.46    92.0    30.4   -11.7    63.5    63.0    46.8    44.6 -999.000  235.1  265.2    2.555   64.5107586   49.2691666 1118.5  100
 2016   11  203  873.47  -11.56  -12.01   87.3    1.64    5.93   100.2    24.1    -3.2    15.4    15.4    10.6    10.2 -999.000  238.4  260.3    2.169   64.5107413   49.2692985 1118.2  100
 2016   12  204  863.37  -16.38  -16.84   81.4    1.08    7.26    90.3    39.9    -8.4     4.9     3.0     3.0     1.9 -999.000  206.1  239.7    1.990   64.5107308   49.2694657 1119.4  100
 2017    1  205  866.77  -15.91  -16.37   84.8    1.09    6.42   103.7    32.8    -3.4    11.1    10.0     7.2     6.1 -999.000  217.0  241.4    1.776   64.5107090   49.2696164 1119.2  100
 2017    2  206  863.50  -16.18  -16.61   80.6    1.07    5.84    95.7    38.1    -5.2    50.1    41.7    32.9    24.2 -999.000  206.2  239.4    1.677   64.5106937   49.2697668 1120.5  100
 2017    3  207  870.72  -15.03  -15.33   78.4    1.03    5.83   101.5    35.0    -9.0   132.8   114.5    88.9    84.4    0.753  202.3  244.4    1.497   64.5106725   49.2699356 1123.7  100
 2017    4  208  877.57  -12.05  -12.18   80.9    1.43    5.50   110.6    17.2   -13.5   216.7   196.6   170.9   161.4    0.812  224.7  260.2    1.464   64.5106515   49.2700929 1121.6  100
 2017    5  209  885.72   -1.28   -1.27   78.5    3.12    3.43    99.8    14.7   -18.5   288.4   270.3   210.9   199.6    0.739  259.1  305.8    1.659   64.5106336   49.2702625 1120.7  100
 2017    6  210  880.96    0.28    0.29   76.0    3.34    3.68    90.3    16.9   -21.0   338.1   322.8   237.1   224.1    0.691  256.2  312.0    2.061   64.5106118   49.2704606 1119.6  100
 2017    7  211  878.45    0.80   -0.26   71.2    3.27    4.77    98.6    31.4   -21.7   311.6   311.8   218.4   214.4    0.711  261.0  308.8    2.387   64.5105858   49.2706977 1119.5  100
 2017    8  212  881.87    1.57    0.17   79.2    3.84    4.22   102.0    23.9    -7.1   202.3   199.6   112.5   111.5    0.567  278.6  312.4    2.616   64.5105626   49.2709201 1119.2  100
 2017    9  213  875.35   -3.69   -5.20   72.7    2.46    5.14    99.9    34.3   -15.2   133.3   129.0   103.1   100.2    0.784  252.4  287.8    2.643   64.5105402   49.2711164 1118.6  100
 2017   10  214  873.50   -5.63   -7.29   71.5    2.12    6.09   106.8    44.5   -12.3    60.0    54.2    47.6    47.2 -999.000  240.7  277.8    2.644   64.5105209   49.2712930 1118.3  100
 2017   11  215  875.66  -10.44  -12.17   77.7    1.52    7.10   103.4    41.1   -11.7    13.7    13.3    11.8    11.5 -999.000  233.3  261.3    2.447   64.5105034   49.2714846 1118.1  100
 2017   12  216  871.40  -11.94  -13.69   72.4    1.21    8.23   100.2    46.5   -16.9     2.7     3.1     3.0     2.6 -999.000  222.3  255.0    2.380   64.5104837   49.2716546 1119.4  100
 2018    1  217  866.99  -17.84  -19.60   69.4    0.70    7.52    91.2    52.7   -12.0     8.9     8.9     7.9     7.3 -999.000  190.5  230.5    2.456   64.5104605   49.2718396 1118.2   93
 2018    2  218  863.19  -22.96  -24.62   78.5    0.56    5.21  -999.0    29.3    -2.3    45.2    44.4    37.4    35.6 -999.000  180.3  212.9    2.330   64.5104322   49.2720247 1118.4   89
 2018    3  219  882.28  -14.76  -16.27   67.2    0.96    5.66    92.6    47.4   -12.1   132.0   124.6   104.7   101.7    0.826  190.9  239.5    2.254   64.5104099   49.2722003 1118.1  100
 2018    4  220  874.92   -8.64   -9.93   69.4    1.54    5.65   104.2    32.2   -19.3   217.7   211.3   177.9   174.6    0.832  223.7  268.9    2.297   64.5103847   49.2723919 1119.0  100
 2018    5  221  869.44   -9.42  -10.53   72.2    1.56    5.30   107.5    19.9   -20.4   303.5   297.2   256.6   253.4    0.863  227.4  269.7    2.152   64.5103645   49.2725824 1119.1  100
 2018    6  222  877.51    0.55   -0.56   74.1    3.32    4.59   106.2    26.1   -24.9   302.0   303.1   203.8   202.6    0.695  277.4  310.8    2.413   64.5103378   49.2727908 1119.6  100
 2018    7  223  878.69    1.52    0.28   81.3    3.93    3.81   104.9    23.1    -6.1   261.4   263.0   148.3   147.4    0.559  293.3  313.3    2.615   64.5103057   49.2730417 1119.5  100
 2018    8  224  878.35    0.48   -1.09   80.1    3.60    4.46   126.2    23.6   -10.8   203.5   207.8   127.7   126.4    0.620  278.3  308.7    2.558   64.5102863   49.2732567 1118.7  100
 2018    9  225  875.43   -4.06   -5.75   76.6    2.43    6.20   117.5    44.8   -14.3   135.7   138.1   115.6   113.4    0.830  249.1  286.7    2.397   64.5102737   49.2734118 1117.7  100
 2018   10  226  871.90  -13.63  -15.46   78.9    1.21    6.57   109.2    41.8    -4.9    62.3    63.2    57.6    57.0 -999.000  203.6  246.5    2.257   64.5102555   49.2735753 1117.8  100
 2018   11  227  874.24  -11.37  -13.29   70.3    1.25    8.24   107.5    66.5   -13.6    16.1    17.7    16.3    15.9 -999.000  201.7  252.9    2.271   64.5102328   49.2737492 1116.9  100
 2018   12  228  868.55  -10.20  -12.13   76.5    1.53    6.73   114.2    45.5    -7.0     2.3     3.1     3.4     2.8 -999.000  226.2  260.4    2.221   64.5102127   49.2739342 1117.6  100
 2019    1  229  870.19  -14.81  -16.72   80.7    1.10    7.11   117.9    44.6    -3.1     8.1     8.9     8.5     7.9 -999.000  212.4  243.7    2.090   64.5101909   49.2741126 1117.8  100
 2019    2  230  864.25  -13.78  -15.67   70.8    0.99    8.77   100.8    54.6   -14.6    37.6    35.6    32.8    31.5 -999.000  202.8  246.1    2.244   64.5101694   49.2742925 1118.6  100
 2019    3  231  864.70  -15.14  -16.88   78.2    1.03    6.36   114.6    40.6    -8.4   103.4    98.8    88.5    87.8    0.888  208.8  239.8    2.388   64.5101445   49.2744582 1118.3  100
 2019    4  232  873.54   -7.30   -8.98   71.8    1.80    9.13   100.9    58.6   -39.0   197.2   181.5   168.9   165.4    0.914  233.6  275.9    2.349   64.5101172   49.2746670 1118.9  100
 2019    5  233  887.26   -0.13   -1.60   67.4    2.86    7.02   101.8    59.7   -36.4   308.2   290.2   200.9   200.5    0.709  238.8  298.4    2.470   64.5100923   49.2748639 1119.4  100
 2019    6  234  888.79    1.40   -0.02   78.1    3.70    4.04   100.3   100.8    27.4   312.6   332.1   267.1   216.9    0.662  269.8  244.8    2.441   64.5100626   49.2751097 1119.3  100
 2019    7  235  886.08    2.21    0.73   77.3 -999.00    3.89    96.5  -999.0  -999.0   295.0  -999.0  -999.0  -999.0    0.766  271.1 -999.0    2.552   64.5100340   49.2753535 1118.6  100
 2019    8  236  885.46    0.42   -1.13   77.9 -999.00    3.01    84.0  -999.0  -999.0   214.5  -999.0  -999.0  -999.0 -999.000  254.3 -999.0    2.492   64.5100138   49.2755321 1117.5  100
 2019    9  237  878.21   -2.89   -3.89   77.6 -999.00    5.03    95.1  -999.0  -999.0    99.4  -999.0   176.4  -999.0 -999.000 -999.0 -999.0    2.134   64.5099963   49.2756827 1116.9  100
 2019   10  238  880.61   -5.91   -5.88   72.8 -999.00    6.68    82.3  -999.0  -999.0    38.0  -999.0    35.4  -999.0 -999.000 -999.0 -999.0    2.002   64.5099798   49.2758382 1117.0  100
 2019   11  239  874.00   -8.89   -8.95   73.4 -999.00    8.62    80.9  -999.0  -999.0     8.6  -999.0     9.0  -999.0 -999.000 -999.0 -999.0    2.075   64.5099657   49.2759769 1117.1  100
 2019   12  240  868.01  -14.14  -14.15   77.9 -999.00    7.14    85.0  -999.0  -999.0     1.6  -999.0     2.8  -999.0 -999.000 -999.0 -999.0    2.068   64.5099462   49.2761666 1116.8  100
 2020    1  241  860.88  -21.12  -21.10   89.8 -999.00    5.36    98.1  -999.0  -999.0     5.6  -999.0     6.0  -999.0 -999.000 -999.0 -999.0    1.968   64.5099246   49.2763402 1116.9  100
 2020    2  242  858.35  -20.38  -20.32   82.7 -999.00    5.61    83.7  -999.0  -999.0    28.5  -999.0    27.9  -999.0 -999.000 -999.0 -999.0    1.907   64.5098994   49.2765112 1117.3  100
 2020    3  243  871.43  -17.55  -17.39   83.1 -999.00    6.62    92.5  -999.0  -999.0    73.7  -999.0    66.8  -999.0 -999.000 -999.0 -999.0    1.850   64.5098748   49.2767004 1117.9  100
 2020    4  244  877.96   -8.45   -8.17   71.9 -999.00    7.63    87.5  -999.0  -999.0   146.6  -999.0   123.6  -999.0 -999.000 -999.0 -999.0    1.847   64.5098543   49.2768712 1118.0  100
 2020    5  245  880.34   -2.19   -1.80   74.7 -999.00    5.29    88.7  -999.0  -999.0   211.4  -999.0   166.3  -999.0 -999.000 -999.0 -999.0    1.912   64.5098340   49.2770634 1118.8  100
 2020    6  246  882.17    0.05    0.39   84.8 -999.00    4.01   100.7  -999.0  -999.0   199.2  -999.0   126.9  -999.0 -999.000 -999.0 -999.0    2.254   64.5098062   49.2772809 1119.1  100
 2020    7  247  883.92    1.87    2.07   84.3 -999.00    3.98    88.1  -999.0  -999.0   193.9  -999.0    88.9  -999.0 -999.000 -999.0 -999.0    2.712   64.5097735   49.2775406 1118.9  100
 2020    8  248  880.06    0.81    0.99   82.7 -999.00    3.27    83.0  -999.0  -999.0   163.3  -999.0    74.0  -999.0 -999.000 -999.0 -999.0    2.746   64.5097539   49.2777431 1117.9  100
 2020    9  249  874.80   -4.94   -4.83   81.2 -999.00    5.27    84.8  -999.0  -999.0   136.2  -999.0    99.3  -999.0 -999.000 -999.0 -999.0    2.464   64.5097366   49.2779073 1117.0  100
 2020   10  250  876.05   -6.89   -6.86   79.3 -999.00    6.61    92.9  -999.0  -999.0    58.2  -999.0    42.8  -999.0 -999.000 -999.0 -999.0    2.256   64.5097233   49.2780467 1117.1  100
 2020   11  251  866.92  -13.88  -13.89   83.8 -999.00    6.63    91.7  -999.0  -999.0    15.5  -999.0    11.8  -999.0 -999.000 -999.0 -999.0    2.110   64.5097074   49.2782280 1117.0  100
 2020   12  252  876.76  -11.70  -11.73   81.1 -999.00    8.55    90.7  -999.0  -999.0     4.7  -999.0     3.4  -999.0 -999.000 -999.0 -999.0    2.050   64.5096861   49.2783908 1116.7  100
 2021    1  253  878.49  -11.06  -11.06   76.7 -999.00    8.09    85.5  -999.0  -999.0    14.6  -999.0     9.1  -999.0 -999.000 -999.0 -999.0    1.872   64.5096620   49.2785658 1116.8  100
 2021    2  254  870.89  -16.63  -16.61   77.6 -999.00    7.67    72.1  -999.0  -999.0    53.8  -999.0    36.3  -999.0 -999.000 -999.0 -999.0    1.895   64.5096386   49.2787469 1116.5  100
 2021    3  255  870.23  -13.96  -13.83   80.0 -999.00    6.86    86.8  -999.0  -999.0   123.3  -999.0    95.9  -999.0 -999.000 -999.0 -999.0    1.902   64.5096205   49.2789291 1118.3  100
 2021    4  256  889.06   -6.57   -6.29   78.3 -999.00    5.71    91.2  -999.0  -999.0   219.8  -999.0   186.8  -999.0 -999.000 -999.0 -999.0    1.495   64.5095935   49.2791213 1118.1  100
 2021    5  257  883.62   -4.05   -3.73   70.5 -999.00    7.01    77.2  -999.0  -999.0   320.2  -999.0   239.2  -999.0 -999.000 -999.0 -999.0    1.559   64.5095750   49.2793156 1118.5   77
 2021    6  258  879.64    1.53    1.59   75.4 -999.00    4.34    93.8  -999.0  -999.0   308.1  -999.0   234.7  -999.0 -999.000 -999.0 -999.0    1.954   64.5095507   49.2795242 1119.0 -999
 2021    7  259  881.92    2.67    2.71   76.8 -999.00    4.65    90.9  -999.0  -999.0   275.8  -999.0  -999.0  -999.0 -999.000 -999.0 -999.0    2.591   64.5095181   49.2797815 1119.2 -999
 2021    8  260  882.05    2.47    2.49   81.4 -999.00    4.45    90.6  -999.0  -999.0   187.0  -999.0  -999.0  -999.0 -999.000 -999.0 -999.0    2.725   64.5094900   49.2800122 1118.7 -999
 2021    9  261  878.50   -5.40   -5.56   76.0 -999.00    4.30    74.8  -999.0  -999.0   139.2  -999.0  -999.0  -999.0 -999.000 -999.0 -999.0    2.615   64.5094696   49.2801841 1117.6 -999
 2021   10  262  881.28   -7.00   -7.16   71.4    1.75    4.04    62.1  -999.0  -999.0    55.8  -999.0    52.8  -999.0 -999.000  220.9  273.1    2.559   64.5094594   49.2803351 1118.3 -999
 2021   11  263  875.47  -11.74  -11.89   84.3 -999.00    1.37   103.5  -999.0  -999.0    10.0  -999.0    12.5  -999.0 -999.000  224.3  255.6    2.394   64.5094458   49.2804886 1116.6 -999
 2021   12  264  866.81   -9.88  -10.02   69.7 -999.00    0.32  -999.0  -999.0  -999.0     0.7  -999.0     3.1  -999.0 -999.000  214.4  262.1    2.516   64.5094231   49.2806588 1115.5 -999
 2022    1  265 -999.00 -999.00 -999.00 -999.0 -999.00 -999.00  -999.0  -999.0  -999.0  -999.0  -999.0  -999.0  -999.0 -999.000 -999.0 -999.0 -999.000 -999.0000000 -999.0000000 -999.0 -999
