 Year MonthOfYear MonthOfCentury AirPressure(hPa) AirTemperature(C) AirTemperatureHygroClip(C) RelativeHumidity(%) SpecificHumidity(g/kg) WindSpeed(m/s) WindDirection(d) SensibleHeatFlux(W/m2) LatentHeatFlux(W/m2) ShortwaveRadiationDown(W/m2) ShortwaveRadiationDown_Cor(W/m2) ShortwaveRadiationUp(W/m2) ShortwaveRadiationUp_Cor(W/m2) Albedo_theta<70d LongwaveRadiationDown(W/m2) LongwaveRadiationUp(W/m2) HeightSensorBoom(m) LatitudeGPS_HDOP<1(degN) LongitudeGPS_HDOP<1(degW) ElevationGPS_HDOP<1(m) FanOK(%)
 2008    8  104  899.78    0.97   -0.72   79.9    3.65    4.61    34.9    24.9   -12.1   229.4   236.4    98.3    97.8    0.414  262.4  310.4    2.466   61.1788622   46.8162299  909.6  100
 2008    9  105  898.19   -2.46   -4.22   86.1    3.12    5.48    37.6    23.6    -8.7   126.7   130.6    75.8    75.1    0.576  265.1  297.4    2.417   61.1788248   46.8162659  907.5  100
 2008   10  106  895.67   -7.39   -9.25   82.4    2.17    6.93    47.2    38.7    -1.6    72.9    77.5    63.1    62.5 -999.000  235.8  276.1    2.162   61.1787909   46.8162756  906.4  100
 2008   11  107  900.07   -7.92   -9.79   91.0    2.27    5.85    57.6    26.4     3.8    20.7    23.5    20.7    19.1 -999.000  258.0  275.9    1.602   61.1787858   46.8162642  905.8  100
 2008   12  108  888.19  -14.75  -16.62   95.6    1.40    7.24    50.8    34.2     5.3     8.5     9.1    10.3     7.5 -999.000  222.0  248.3    0.627   61.1787858   46.8162642  905.8  100
 2009    1  109  881.41  -13.30  -15.14   91.0    1.51    6.83    60.1    47.5     2.2    16.7    19.3    17.2    15.9 -999.000  219.6  252.2    0.443   61.1787858   46.8162642  905.8  100
 2009    2  110  894.24  -11.96  -13.79   88.4    1.54    6.93    68.5    48.5     3.9    49.3    55.6    46.7    46.2 -999.000  217.1  257.0    0.402   61.1787858   46.8162642  905.8  100
 2009    3  111  896.14  -14.88  -16.60   91.4    1.15    5.51    48.2  -999.0  -999.0   136.8   143.4   122.9   120.7    0.843  195.4  244.1    0.463   61.1787858   46.8162642  905.8   70
 2009    4  112  895.66   -5.33   -7.03   95.8    2.80    3.87    68.2  -999.0  -999.0   161.7   164.8   130.2   128.8    0.665  257.0  284.1 -999.000   61.1787858   46.8162642  905.8  100
 2009    5  113  898.03   -1.40   -3.15   99.8 -999.00    0.36  -999.0  -999.0  -999.0    79.8    96.2    18.0    21.8    0.170  285.9 -999.0 -999.000   61.1787858   46.8162642  905.8  100
 2009    6  114  909.68    0.36   -0.77   87.1    3.74    3.08    75.3    19.3    -5.8   305.6   305.8   227.0   226.2    0.749  283.7  311.8    0.424   61.1787858   46.8162642  905.8  100
 2009    7  115  909.99    1.72    0.52   82.6    3.91    3.64    54.4    29.8    -3.2   323.5   324.6   218.6   216.7    0.669  267.3  314.1    1.118   61.1787858   46.8162642  905.8  100
 2009    8  116  903.75    1.20   -0.16   82.0    3.78    4.48    60.6    25.5    -7.9   220.4   223.9   149.0   148.5    0.674  274.1  312.1    2.299   61.1787858   46.8162642  905.8  100
 2009    9  117  896.94   -3.15   -4.55   87.2    3.02    4.75    59.7    15.4    -6.8   140.5   144.7   115.3   116.2    0.810  267.8  297.8    1.995 -999.0000000 -999.0000000 -999.0  100
 2009   10  118  900.30   -7.72   -9.32   77.9    1.90    6.69    56.0    39.4   -10.9    72.7    76.0    63.6    63.7 -999.000  229.5  272.8    1.893 -999.0000000 -999.0000000 -999.0  100
 2009   11  119  892.94  -12.40  -14.09   83.8    1.36    6.29    50.9    40.1    -0.4    23.3    27.4    24.6    24.5 -999.000  215.9  253.4    1.529 -999.0000000 -999.0000000 -999.0  100
 2009   12  120  901.65   -9.70  -11.36   80.9    1.63    6.35    66.4    48.5    -4.0     8.4    11.0    10.1     9.7 -999.000  229.6  263.9    1.193 -999.0000000 -999.0000000 -999.0  100
 2010    1  121  894.80   -8.02   -9.64   87.0    2.04    5.81    74.5    35.4    -3.2    13.2    15.3    13.7    13.5 -999.000  247.6  273.1    0.921 -999.0000000 -999.0000000 -999.0  100
 2010    2  122  904.00   -8.84  -10.44   83.9    1.85    6.65    66.7    43.1    -4.8    51.9    54.1    48.6    47.4 -999.000  227.0  268.7    0.805 -999.0000000 -999.0000000 -999.0   85
 2010    3  123  900.37   -9.96  -11.41   86.4    1.78    4.90    64.1  -999.0  -999.0   118.4   122.4   105.3   104.7    0.862  235.5  266.8    0.547 -999.0000000 -999.0000000 -999.0  100
 2010    4  124  905.82   -5.36   -6.87   93.6    2.64    3.64    62.5  -999.0  -999.0   195.6   200.4   134.0   137.4    0.616  247.0  285.2 -999.000 -999.0000000 -999.0000000 -999.0   60
 2010    5  125  909.57    0.59   -0.49   80.9    3.54    5.24    82.8    40.2   -18.9   262.2   262.4   193.0   191.0    0.749  276.8  311.0    0.857 -999.0000000 -999.0000000 -999.0  100
 2010    6  126  906.15    1.20    0.26   84.6    3.87    3.61    69.4    19.3    -7.2   287.0   285.6   194.3   192.5    0.684  291.0  315.4    1.766 -999.0000000 -999.0000000 -999.0  100
 2010    7  127  904.68    1.79    1.20   83.7    4.02    3.81    61.5    22.2    -1.8   266.3   270.8   101.3   100.9    0.338  280.7  315.2    2.515 -999.0000000 -999.0000000 -999.0  100
 2010    8  128 -999.00 -999.00 -999.00 -999.0 -999.00 -999.00  -999.0  -999.0  -999.0  -999.0  -999.0  -999.0  -999.0 -999.000 -999.0 -999.0 -999.000 -999.0000000 -999.0000000 -999.0  100
 2010    9  129 -999.00 -999.00 -999.00 -999.0 -999.00 -999.00  -999.0  -999.0  -999.0  -999.0  -999.0  -999.0  -999.0 -999.000 -999.0 -999.0 -999.000 -999.0000000 -999.0000000 -999.0 -999
 2010   10  130 -999.00 -999.00 -999.00 -999.0 -999.00 -999.00  -999.0  -999.0  -999.0  -999.0  -999.0  -999.0  -999.0 -999.000 -999.0 -999.0 -999.000 -999.0000000 -999.0000000 -999.0 -999
 2010   11  131 -999.00 -999.00 -999.00 -999.0 -999.00 -999.00  -999.0  -999.0  -999.0  -999.0  -999.0  -999.0  -999.0 -999.000 -999.0 -999.0 -999.000 -999.0000000 -999.0000000 -999.0 -999
 2010   12  132  910.27   -5.71   -5.77   84.0    2.35    5.40   123.7    42.5    -4.4     7.4     8.6     9.7     3.3 -999.000  253.0  280.0    1.654 -999.0000000 -999.0000000 -999.0 -999
 2011    1  133  899.13  -12.69  -12.77   81.6    1.32    6.64   113.6    54.4    -3.1    14.1    15.8    16.6     9.7 -999.000  214.5  251.0    1.414 -999.0000000 -999.0000000 -999.0 -999
 2011    2  134  878.96  -14.05  -14.09   86.8    1.22    8.10    97.7    47.5    -0.2    47.7    55.9    46.0    44.2 -999.000  211.2  247.9    0.906 -999.0000000 -999.0000000 -999.0   42
 2011    3  135  896.73  -14.06  -14.05   83.8    1.38    6.92   109.7    50.2    -4.3   124.3   130.5   111.8   111.2    0.859  203.6  248.4    0.631 -999.0000000 -999.0000000 -999.0   41
 2011    4  136 -999.00 -999.00 -999.00 -999.0 -999.00 -999.00  -999.0  -999.0  -999.0  -999.0  -999.0  -999.0  -999.0 -999.000 -999.0 -999.0 -999.000 -999.0000000 -999.0000000 -999.0 -999
 2011    5  137  907.66   -4.01   -4.06   77.4    2.33    3.89   125.9  -999.0  -999.0   305.3   306.8   256.3   254.3    0.837  241.0  286.5    0.465   61.1776401   46.8172950  905.7 -999
 2011    6  138  914.67    2.42    2.41   75.2    3.63    2.92   122.8    26.9    -6.6   326.0   328.6   240.6   239.5    0.740  274.0  311.9    0.745 -999.0000000 -999.0000000 -999.0 -999
 2011    7  139  906.28    3.12    3.16   77.8    4.06    4.43   127.2    37.6    -2.0   243.5   246.0   167.9   167.1    0.699  298.5  317.1    2.012   61.1775590   46.8173720  904.5 -999
 2011    8  140  909.66    1.83    1.72   81.9    3.92    3.95    61.3    22.9    -4.7   209.0   213.2    79.1    78.3    0.370  278.1  315.1    2.541   61.1775368   46.8173646  904.1   67
 2011    9  141  894.95   -2.30   -2.57   77.3    2.83    6.44    33.6    30.2   -21.6   142.5   147.5   104.4   104.4    0.726  250.4  297.9    2.424   61.1775101   46.8173791  902.3  100
 2011   10  142  896.21   -9.29   -9.60   79.2    1.63    8.01    15.2    35.8    -8.2    78.8    83.2    67.4    66.7 -999.000  217.4  266.6    2.304   61.1774796   46.8174080  902.1  100
 2011   11  143  887.05  -13.04  -13.35   80.9    1.31    6.91    18.3    39.0    -2.4    26.7    32.7    24.9    23.1 -999.000  205.5  250.8    2.099 -999.0000000 -999.0000000 -999.0  100
 2011   12  144  888.35  -15.71  -16.01   90.2    1.13    6.54    25.6    22.6    -0.4     8.6    11.0     8.7     6.3 -999.000  218.5  244.5    1.634 -999.0000000 -999.0000000 -999.0  100
 2012    1  145  886.61  -13.49  -13.80   89.9    1.36    7.13    32.3    26.3    -1.1    14.9    20.4    14.8     8.7 -999.000  227.6  253.4    1.050 -999.0000000 -999.0000000 -999.0  100
 2012    2  146  891.20   -6.05   -6.40   97.3    2.58    2.72  -999.0  -999.0  -999.0    10.8    23.7    11.1     8.2 -999.000  279.0  285.6 -999.000 -999.0000000 -999.0000000 -999.0  100
 2012    3  147  890.50  -12.19  -12.60  100.0    1.58    0.00  -999.0  -999.0  -999.0     0.1     0.8     0.9     0.5 -999.000  261.1  261.4 -999.000 -999.0000000 -999.0000000 -999.0   22
 2012    4  148  903.94   -1.88   -2.25   99.9    3.53    0.00  -999.0  -999.0  -999.0     2.3     2.4     2.1     2.0 -999.000  305.9  306.4 -999.000 -999.0000000 -999.0000000 -999.0   12
 2012    5  149  910.20    0.23   -0.07   99.4 -999.00    0.00  -999.0  -999.0  -999.0     3.4     4.0     3.1     3.3    0.754  315.1 -999.0 -999.000 -999.0000000 -999.0000000 -999.0    3
 2012    6  150  913.42    1.29    1.60   85.8    3.91    0.89  -999.0     5.2    -0.8   321.4   318.9   163.8   157.6    0.508  280.8  317.1    0.625 -999.0000000 -999.0000000 -999.0  100
 2012    7  151  907.43    2.42    2.47   87.6    4.39    3.05    45.8    33.3    11.9   185.5   208.7   136.9   121.5 -999.000  309.3  317.3    1.219   61.1771517   46.8176928  903.3  100
 2012    8  152  907.64    1.47    0.91   89.0 -999.00    2.78    44.2  -999.0  -999.0  -999.0  -999.0  -999.0  -999.0 -999.000 -999.0 -999.0    1.770 -999.0000000 -999.0000000 -999.0  100
 2012    9  153  902.45   -0.06   -1.26   82.7    3.52    5.21    43.8    25.3   -10.1   122.4   130.1    87.3    86.9    0.650  278.9  308.4    2.564 -999.0000000 -999.0000000 -999.0  100
 2012   10  154  904.97   -3.29   -4.59   80.9    2.78    7.31    55.8    33.6    -9.6    62.8    68.5    56.6    56.4 -999.000  259.0  293.0    2.202 -999.0000000 -999.0000000 -999.0  100
 2012   11  155  895.90   -8.82  -10.20   83.3    1.93    7.94    47.4    31.0    -5.3    20.5    23.3    20.9    20.5 -999.000  237.6  270.9    2.004 -999.0000000 -999.0000000 -999.0  100
 2012   12  156  896.03  -10.23  -11.62   79.3    1.60    7.47    46.3    41.4    -9.2     8.2    10.9     9.7     9.3 -999.000  220.7  263.1    1.653 -999.0000000 -999.0000000 -999.0  100
 2013    1  157  881.88  -11.36  -12.75   86.7    1.53    7.63    62.4    31.6    -4.4    15.5    18.6    15.7    15.3 -999.000  232.8  260.7    1.373 -999.0000000 -999.0000000 -999.0  100
 2013    2  158  894.63  -11.27  -12.64   85.0    1.48    6.68    50.3    35.7    -3.9    51.6    61.2    50.0    48.8 -999.000  224.5  260.0    0.850 -999.0000000 -999.0000000 -999.0  100
 2013    3  159  911.31   -8.45   -9.74   78.4    1.79    6.52    52.9    41.1   -15.3   121.4   131.5   106.2   105.5    0.816  223.1  271.2    0.784 -999.0000000 -999.0000000 -999.0  100
 2013    4  160  903.67   -8.06   -9.19   80.3    1.85    6.73    49.9    26.4   -21.1   215.1   222.1   178.4   177.2    0.805  224.8  275.6    0.781 -999.0000000 -999.0000000 -999.0  100
 2013    5  161  906.18   -5.43   -6.32   82.9    2.36    5.54    38.1    17.1   -21.1   300.1   304.0   248.7   247.3    0.819  243.1  288.9    0.517 -999.0000000 -999.0000000 -999.0  100
 2013    6  162  901.76    0.21   -0.46   81.8    3.47    3.56    57.0    21.6   -15.9   310.9   319.8   234.9   238.3    0.759  273.1  312.4    0.677 -999.0000000 -999.0000000 -999.0  100
 2013    7  163  905.02    1.52    0.66   84.6    3.98    3.67    58.9    24.5    -3.4   265.5   270.6   193.2   193.1    0.728  289.8  316.8    1.307 -999.0000000 -999.0000000 -999.0  100
 2013    8  164  901.17    1.11    0.68   82.3    3.79    4.15    41.2    20.6    -3.9   213.7   222.8   128.8   129.3    0.590  275.9  314.2    2.355 -999.0000000 -999.0000000 -999.0  100
 2013    9  165  901.64   -2.46   -2.49   83.2    3.01    5.45    46.2    24.0   -11.2   130.9   137.4   106.3   106.3    0.781  267.3  298.9    2.225   61.1765861   46.8181358  898.3  100
 2013   10  166  901.43   -5.75   -5.80   80.9    2.24    5.77    48.5    32.0    -9.9    69.2    72.8    59.7    59.2 -999.000  244.0  282.5    1.920   61.1765513   46.8181656  898.4  100
 2013   11  167  894.53   -9.55   -9.61   90.1    1.95    6.45    54.3    18.4    -3.4    21.7    24.2    21.0    20.6 -999.000  249.6  270.1    1.428   61.1765200   46.8182011  897.4  100
 2013   12  168  883.28  -15.88  -15.92   88.1    1.08    7.04    38.9    35.1    -1.2     8.3    10.6    10.0     8.9 -999.000  206.9  243.2    0.646   61.1764919   46.8182156  897.5  100
 2014    1  169  887.25  -13.88  -13.91   86.1    1.25    6.32    54.3    40.8    -3.9    15.8    18.9    16.1    15.7 -999.000  219.8  250.5    0.509 -999.0000000 -999.0000000 -999.0  100
 2014    2  170  884.44  -13.55  -13.60   85.8    1.25    5.29    49.3    39.4    -3.0    48.6    55.0    45.3    45.2 -999.000  219.8  251.3    0.362 -999.0000000 -999.0000000 -999.0  100
 2014    3  171  888.42  -13.70  -13.72   94.0    1.45    5.69    49.9  -999.0  -999.0   123.9   129.3   109.3   106.7    0.835  219.3  252.8 -999.000 -999.0000000 -999.0000000 -999.0   96
 2014    4  172  898.30   -7.25   -7.27   98.0    2.38    3.97    44.1  -999.0  -999.0   157.6   161.7    78.6    80.8    0.434  242.3  277.1 -999.000   61.1763576   46.8183532  900.7 -999
 2014    5  173  906.13   -0.95   -0.81   86.7    3.39    3.77    47.1  -999.0  -999.0   289.9   298.7   202.8   203.7    0.682  261.1  303.9    0.407   61.1763185   46.8183818  899.9   22
 2014    6  174  909.38    1.70    1.88   82.5    3.87    3.47    55.5    24.8    -6.4   304.8   309.4   214.9   216.0    0.718  282.7  315.6    0.883 -999.0000000 -999.0000000 -999.0   80
 2014    7  175  906.69    2.14    2.37   82.0    4.02    3.79    49.7    25.2    -3.9   285.6   290.8   179.1   180.0    0.624  281.1  317.1    1.965   61.1762308   46.8184743  899.4  100
 2014    8  176  908.95    2.02    2.19   82.2    3.99    3.92    41.6    25.1    -3.6   226.9   233.8    66.9    66.8    0.276  274.8  316.1    2.560   61.1761880   46.8185346  898.1  100
 2014    9  177  896.07   -2.05   -1.92   87.0    3.29    5.92    47.8    18.6    -9.1   118.0   120.5    69.4    69.7    0.603  278.4  303.1    2.376   61.1761481   46.8186176  897.1  100
 2014   10  178  902.45   -7.34   -7.28   76.6    1.92    7.11    36.9    35.0   -14.0    76.1    78.0    61.1    60.9 -999.000  232.4  275.5    2.122   61.1761161   46.8186457  896.4  100
 2014   11  179  891.95  -10.33  -10.27   83.1    1.61    7.05    49.2    29.7    -5.4    25.8    27.4    22.2    21.6 -999.000  231.3  263.4    1.819   61.1760802   46.8186632  894.5  100
 2014   12  180  893.50  -14.13  -14.08   88.0    1.26    7.76    22.4    26.1    -2.6    10.6    11.2     9.6     9.0 -999.000  219.1  250.5    1.219   61.1760511   46.8186990  894.8  100
 2015    1  181  887.40  -17.72  -17.66   86.1    0.94    7.28    28.9    33.2    -2.0    17.1    17.8    15.1    14.7 -999.000  198.9  236.2    0.800 -999.0000000 -999.0000000 -999.0  100
 2015    2  182  890.41  -10.06  -10.06   99.4    1.86    1.55  -999.0  -999.0  -999.0     4.0     3.9     4.8     3.3 -999.000  260.4  263.2 -999.000 -999.0000000 -999.0000000 -999.0   17
 2015    3  183  884.79  -12.61  -12.62  100.0    1.45    0.00  -999.0  -999.0  -999.0     0.0     0.6     1.3     0.4 -999.000  256.8  256.6 -999.000 -999.0000000 -999.0000000 -999.0   12
 2015    4  184  900.05   -9.00   -8.98  100.0 -999.00    0.00  -999.0  -999.0  -999.0     0.2  -999.0     0.2  -999.0 -999.000 -999.0  274.3 -999.000   61.1759187   46.8188308  899.0   11
 2015    5  185  902.03   -4.70   -4.61  100.0    2.99    0.00  -999.0  -999.0  -999.0     0.4     0.1    -0.4     0.0 -999.000  296.3  295.0 -999.000   61.1758855   46.8188629  898.5 -999
 2015    6  186  909.24   -1.11   -0.97  100.0 -999.00    0.00  -999.0  -999.0  -999.0     1.0  -999.0    -0.3  -999.0 -999.000 -999.0  310.5 -999.000   61.1758527   46.8188970  898.1   10
 2015    7  187  915.07    0.67    1.19   89.4    3.85    1.68    54.8    11.6    -3.5   237.0   258.8   120.1   134.3    0.506  278.4  315.4    0.488   61.1758103   46.8189351  897.6  100
 2015    8  188  908.00    0.99    1.33   81.2    3.67    4.01    38.9    25.9   -11.4   274.2   235.8   154.2   137.0    0.596  269.8  313.3    1.571   61.1757659   46.8189814  896.2  100
 2015    9  189  899.80   -1.23   -0.87   86.6    3.42    4.97    65.1    17.7    -6.6   132.1   134.8   103.0   102.8    0.784  274.1  305.4    2.551   61.1757312   46.8190370  897.5  100
 2015   10  190  895.26   -7.95   -7.74   83.2    2.03    6.89    62.6    25.6   -12.3    72.7    75.3    62.3    62.1 -999.000  233.2  274.8    2.127   61.1757019   46.8190700  897.1  100
 2015   11  191  894.67  -13.83  -13.67   83.7    1.25    6.02    44.2    28.4    -4.1    28.2    27.8    24.7    24.5 -999.000  207.8  250.4    1.661   61.1756658   46.8190970  896.4  100
 2015   12  192  883.31  -14.96  -14.82   88.1    1.21    7.48    49.1    26.8    -2.4    10.4    10.1     9.2     9.0 -999.000  207.1  246.9    1.406   61.1756282   46.8191354  896.3  100
 2016    1  193  888.30  -12.34  -12.21   84.3    1.52    8.35    61.8    33.5    -8.7    16.6    16.2    14.9    14.6 -999.000  216.7  257.2    1.352 -999.0000000 -999.0000000 -999.0  100
 2016    2  194  891.07  -11.98  -11.79   85.5    1.45    8.07    63.5    24.0    -7.4    49.6    47.4    43.8    43.5 -999.000  223.3  259.2    1.332   61.1755631   46.8192007  895.4  100
 2016    3  195  890.78  -10.94  -10.54   88.4    1.70    5.94    72.5    15.7    -8.1   121.4   120.4   106.3   105.8    0.890  231.6  265.4    0.885   61.1755300   46.8192330  899.1  100
 2016    4  196  907.53   -3.02   -2.37   82.4    2.76    5.72    86.2    16.9   -21.9   197.4   192.6   162.5   161.4    0.851  263.1  298.7    0.859   61.1754865   46.8192613  898.2  100
 2016    5  197  907.27   -1.91   -1.04   81.7    3.01    4.07    73.5    11.0   -18.0   280.4   271.6   215.3   213.5    0.798  260.7  305.8    1.167   61.1754529   46.8193065  897.5  100
 2016    6  198  906.79    1.94    2.58   83.6    4.03    4.04    63.9    27.4    -4.0   306.0   300.0   215.0   213.7    0.731  284.9  319.0    1.787   61.1754121   46.8193502  897.8  100
 2016    7  199  911.25    2.23    2.77   81.1    3.97    3.90    58.6    27.5    -4.4   305.7   301.9   176.5   177.6    0.599  269.3  318.5    2.587   61.1753691   46.8193940  897.3  100
 2016    8  200  906.98    1.75    1.99   86.3    4.13    3.40    52.4    17.7    -1.2   196.1   189.8    44.3    44.2    0.222  277.6  316.9    2.641   61.1753180   46.8194438  895.2  100
 2016    9  201  898.44   -2.01   -1.70   78.6    2.91    5.00    45.8    16.2   -20.9   146.8   130.2    87.8    87.4    0.671  246.0  301.6    2.606   61.1752780   46.8194851  893.8  100
 2016   10  202  897.53   -7.09   -6.87   81.9    2.14    7.90    30.7    20.1   -14.0    65.3    64.5    53.5    53.4 -999.000  229.6  279.4    2.427   61.1752469   46.8195135  893.4  100
 2016   11  203  898.72   -8.94   -9.03   87.3    1.98    5.45  -999.0    18.2    -5.3    20.6    23.4    22.4    20.8 -999.000  240.8  272.3    1.874   61.1752120   46.8195446  892.6  100
 2016   12  204  886.79  -13.82  -14.44   83.5    1.37    7.87    36.7    26.9    -9.3     9.1     9.9    11.1     9.1 -999.000  210.4  252.2    1.734   61.1751831   46.8195875  892.3  100
 2017    1  205  891.98  -12.30  -12.11   97.5    1.64    5.84    65.5  -999.0  -999.0    15.8    16.9    16.9    15.9 -999.000  234.6  258.7 -999.000   61.1751234   46.8196074  894.6   96
 2017    2  206  887.46  -13.47  -13.30   96.1    1.52    6.14    51.8  -999.0  -999.0    45.2    50.4    46.7    48.4 -999.000  219.6  254.2    0.447   61.1751006   46.8196572  893.5   71
 2017    3  207  895.25  -11.45  -11.17   93.4    1.61    5.71    50.6  -999.0  -999.0   120.3   120.1    95.4    93.8    0.771  219.3  262.9 -999.000   61.1750573   46.8196858  893.9   48
 2017    4  208  903.23   -8.33   -8.20   99.9 -999.00    2.48  -999.0  -999.0  -999.0    72.1  -999.0    61.2  -999.0    0.652 -999.0  276.3 -999.000   61.1750307   46.8197119  894.0    3
 2017    5  209  910.85   -0.61    0.03   92.0 -999.00    2.17    62.0  -999.0  -999.0   211.5  -999.0   156.3  -999.0    0.699 -999.0  309.1 -999.000   61.1749953   46.8197473  893.3   83
 2017    6  210  905.66    0.60    1.49   78.8    3.44    3.36    54.8    17.8   -17.8   339.0   330.5   240.6   232.0    0.706  258.7  314.9    0.999 -999.0000000 -999.0000000 -999.0  100
 2017    7  211  903.44    1.74    2.24   81.5    3.89    4.24    52.8    26.2    -8.2   277.5   270.4   195.9   191.0    0.731  280.9  317.9    1.913   61.1749262   46.8198349  893.5  100
 2017    8  212  907.59    1.99    2.28   87.5    4.24    3.67    52.6    21.5     2.9   189.0   179.1    87.2    83.2    0.450  289.7  318.2    2.567   61.1748851   46.8198767  893.2  100
 2017    9  213  899.85   -1.53   -1.35   79.7    3.07    5.18    40.4    18.2   -18.6   140.8   133.0    68.3    64.4    0.525  252.6  303.5    2.609   61.1748446   46.8199264  892.7  100
 2017   10  214  899.11   -5.24   -5.05   83.4    2.47    5.63    51.1    24.5    -6.9    73.5    70.0    60.0    61.0 -999.000  250.3  285.4    2.337   61.1748122   46.8199609  892.4  100
 2017   11  215  902.30   -9.24   -9.09   89.3    1.89    7.23    52.1    18.2    -5.1    21.8    22.0    19.7    19.5 -999.000  249.8  271.9    2.152   61.1747734   46.8199880  892.3  100
 2017   12  216  896.33  -10.20  -10.20   87.4    1.62    6.69    61.3    20.5    -9.5     7.0     8.9     7.7     7.6 -999.000  237.6  267.0    1.496   61.1747439   46.8200274  891.0  100
 2018    1  217  890.36  -14.69  -14.64   82.9    1.15    7.02    46.3    27.1    -6.7    17.1    17.3    14.1    14.5 -999.000  209.9  247.8    1.689   61.1747174   46.8200617  892.6  100
 2018    2  218  888.07  -20.16  -19.99   88.4    0.81    7.10    24.4    20.1    -2.0    60.7    61.9    50.2    50.5 -999.000  182.6  228.7    1.055 -999.0000000 -999.0000000 -999.0  100
 2018    3  219  905.76  -11.86  -11.60   75.9    1.29    6.79    33.7    26.2   -16.4   149.1   140.4   114.7   112.4    0.811  198.9  258.7    1.141 -999.0000000 -999.0000000 -999.0  100
 2018    4  220  900.42   -7.03   -6.64   79.2    1.98    5.00    61.0    11.2   -21.5   227.8   217.5   182.2   172.8    0.799  235.8  282.4    1.113   61.1746069   46.8201545  891.6  100
 2018    5  221  895.23   -7.50   -6.69   81.2    1.96    4.68    51.0     0.7   -26.0   296.8   284.8   248.8   233.2    0.802  237.1  282.9    0.726   61.1745759   46.8201898  893.2  100
 2018    6  222  903.15    0.51    1.15   83.6    3.64    4.22    79.2    24.8   -12.2   293.0   288.1   228.8   220.5    0.793  287.0  315.9    1.111   61.1745428   46.8202255  891.7  100
 2018    7  223  903.75    1.80    1.90   83.7    4.03    4.28    52.8    25.6    -5.0   268.2   261.7   185.5   178.8    0.712  288.9  318.2    1.921   61.1744990   46.8202730  891.9  100
 2018    8  224  903.99    1.14    0.28   84.5    3.88    3.93    34.8    16.2    -8.2   188.2   177.5    89.6    84.5    0.484  288.6  315.8    2.598   61.1744558   46.8203252  890.7  100
 2018    9  225  901.41   -2.72   -2.70   82.7    2.89    5.47    60.2     4.4   -23.0   198.1   132.0   131.8    85.8    0.660  273.2  303.3    2.441   61.1744505   46.8202908  890.8  100
 2018   10  226  896.50   -9.38   -8.47   75.4    1.56    6.32    42.0     7.5   -22.5   114.3    72.9    94.6    57.9 -999.000  236.3  272.3    1.869   61.1744196   46.8203151  890.4  100
 2018   11  227  897.96   -9.09   -8.45   73.9    1.61    7.77    51.9    18.2   -26.3    44.5    27.0    34.9    20.5 -999.000  233.0  271.7    1.674   61.1743921   46.8203566  890.0  100
 2018   12  228  894.06   -9.66   -9.03   76.7    1.59    6.10    53.9    16.0   -18.9    14.6    11.8    12.5     9.0 -999.000  243.7  269.9    1.375   61.1743586   46.8203772  890.8  100
 2019    1  229  896.82  -12.19   -9.08   78.5    1.43    6.14    55.6  -999.0  -999.0    22.3    20.7    20.6    15.8 -999.000  236.8  261.1    0.603 -999.0000000 -999.0000000 -999.0  100
 2019    2  230  888.34  -12.01  -10.32   79.8    1.38    6.88    63.7  -999.0  -999.0    81.4    53.8    62.7    41.8 -999.000  236.7  262.5    0.438   61.1742791   46.8204376  891.6  100
 2019    3  231  890.69  -11.26  -10.26   85.1    1.51    5.63    58.9  -999.0  -999.0   123.5   102.6    91.5    72.0    0.655  242.2  264.1 -999.000 -999.0000000 -999.0000000 -999.0   77
 2019    4  232  896.95   -4.54   -4.59   99.9 -999.00    0.12  -999.0  -999.0  -999.0     4.0  -999.0     1.6  -999.0 -999.000 -999.0  292.6 -999.000   61.1742051   46.8205088  892.7   35
 2019    5  233  911.51   -0.52   -0.03   87.8    3.42    3.41    59.1  -999.0  -999.0   263.3   161.0   158.7   114.9    0.514  289.7  317.8 -999.000   61.1741784   46.8205498  890.6   83
 2019    6  234  914.13    1.16    1.70   81.7    3.71    3.90    65.8  -999.0  -999.0   468.1   258.8   314.5   198.3    0.684  288.9  323.6    1.001 -999.0000000 -999.0000000 -999.0  100
 2019    7  235  911.33    1.89    2.30   82.1    3.93    3.90    54.9  -999.0  -999.0   458.1   246.8   254.3   152.6    0.557  293.0  325.0    2.215   61.1740997   46.8206503  890.9  100
 2019    8  236  909.98    1.15    1.86   81.4    3.73    3.74    43.3  -999.0  -999.0   372.9   178.4    98.5    52.6    0.271  281.9  319.8 -999.000   61.1737882   46.8206686  889.8  100
 2019    9  237  903.53   -1.48 -999.00 -999.0 -999.00    4.99    40.7  -999.0  -999.0   142.5   137.6    80.5    79.5    0.577  260.0  300.9    2.630   61.1669085   46.8199130  888.7  100
 2019   10  238  905.02   -3.51 -999.00 -999.0 -999.00    5.85    47.8  -999.0  -999.0    70.4    70.3    47.7    49.4 -999.000  257.6  291.5    2.602   61.1669085   46.8199130  888.9  100
 2019   11  239  898.53   -8.14    2.76 -999.0 -999.00    8.58    48.9  -999.0  -999.0    26.7  -999.0    22.3  -999.0 -999.000  234.0  270.2    2.331   61.1669085   46.8199130  889.6  100
 2019   12  240  892.52  -11.83    2.11 -999.0 -999.00    6.91    50.5  -999.0  -999.0    12.7  -999.0    10.8  -999.0 -999.000  217.9  255.9    1.750   61.1669085   46.8199130  888.2  100
 2020    1  241  885.94  -17.66    0.20 -999.0 -999.00    7.28    24.9  -999.0  -999.0    20.9  -999.0    16.9  -999.0 -999.000  200.1  234.9    1.536   61.1669085   46.8199130  887.8  100
 2020    2  242  881.83  -17.62    0.03 -999.0 -999.00    7.88    26.9  -999.0  -999.0    63.5  -999.0    50.8  -999.0 -999.000  195.0  234.8    1.251   61.1680618   46.8200812  886.9   86
 2020    3  243  895.71  -13.76    2.43 -999.0 -999.00    7.79    32.8  -999.0  -999.0   139.6  -999.0   104.1  -999.0 -999.000  205.3  250.0 -999.000 -999.0000000 -999.0000000 -999.0  100
 2020    4  244  902.73   -6.72 -999.00 -999.0 -999.00    6.14    63.5  -999.0  -999.0   217.4  -999.0   146.9  -999.0 -999.000  241.4  280.3 -999.000   61.1737737   46.8209658  888.5   35
 2020    5  245  906.08   -1.30 -999.00 -999.0 -999.00    3.23    65.3  -999.0  -999.0   217.1   250.8   153.7   181.5    0.547  266.6  305.5 -999.000   61.1737412   46.8210058  889.3  100
 2020    6  246  908.88    0.40 -999.00 -999.0 -999.00    3.76    65.9  -999.0  -999.0   296.2   296.2   233.2   233.3    0.805  290.6  311.9 -999.000 -999.0000000 -999.0000000 -999.0  100
 2020    7  247  909.70    2.24  -16.05 -999.0 -999.00    3.99    45.7  -999.0  -999.0   285.9   285.6   196.1   196.0    0.699  298.3  316.2 -999.000   61.1736606   46.8211035  887.7  100
 2020    8  248  905.26    1.58  -20.40 -999.0 -999.00    4.05    50.1  -999.0  -999.0   224.0   222.1    90.2    89.6    0.418  276.4  312.8 -999.000   61.1736238   46.8211433  886.8  100
 2020    9  249  899.82   -3.45   -3.30   85.0    2.92    7.32    44.9    27.0    -8.7   140.3   134.4    84.9    83.6    0.636  254.7  293.8    2.261   61.1736316   46.8212143  886.3  100
 2020   10  250  901.90   -5.26   -5.17   87.7    2.61    5.99    61.8    29.4    -1.1    66.9    63.3    56.3    56.1 -999.000  259.9  285.3    1.625   61.1736014   46.8212449  886.6  100
 2020   11  251  891.95  -11.52  -11.45   90.0    1.59    6.72    37.1    34.9     2.1    26.6    27.4    23.0    22.1 -999.000  231.7  259.3    1.095 -999.0000000 -999.0000000 -999.0  100
 2020   12  252  903.19  -10.07  -10.03   91.2    1.85    6.06    51.5  -999.0  -999.0     9.5     9.3     8.6     6.8 -999.000  242.3  265.8    0.695 -999.0000000 -999.0000000 -999.0   83
 2021    1  253  904.32   -5.01   -5.00  100.0    2.71    1.31  -999.0  -999.0  -999.0    -0.6     0.3     1.1     0.2 -999.000  287.6  289.4 -999.000   61.1734877   46.8213284  885.1    3
 2021    2  254  893.76   -9.29   -9.31  100.0    1.90    5.60    44.8  -999.0  -999.0     0.0     1.6     2.0     0.9 -999.000  270.8  270.7 -999.000   61.1734418   46.8213707  884.5   14
 2021    3  255  895.08   -6.44   -6.46  100.0 -999.00    2.99  -999.0  -999.0  -999.0     0.9     1.1     0.8     0.6 -999.000  283.0 -999.0 -999.000   61.1734106   46.8213837  885.9    3
 2021    4  256  914.96   -4.43   -4.42  100.0 -999.00    0.00  -999.0  -999.0  -999.0     0.5  -999.0     0.1  -999.0 -999.000 -999.0 -999.0 -999.000   61.1733811   46.8214272  885.5 -999
 2021    5  257  909.00   -0.32   -0.30 -999.0 -999.00    0.06  -999.0  -999.0  -999.0     2.0     1.5     0.6     0.5    0.392  311.7  311.4 -999.000   61.1733524   46.8214951  886.3  100
 2021    6  258  906.12    0.61    0.96 -999.0 -999.00    2.51    55.4  -999.0  -999.0   137.1  -999.0    72.8  -999.0    0.498 -999.0 -999.0 -999.000 -999.0000000 -999.0000000 -999.0  100
 2021    7  259  907.96    2.43    2.74   85.8    4.27    3.81    47.3  -999.0  -999.0   257.6   251.0   163.3   161.5    0.674  299.5  316.2 -999.000   61.1732741   46.8215926  886.6  100
 2021    8  260  908.01    2.32    2.43   87.5    4.35    4.41    51.7  -999.0  -999.0   188.3   179.2    66.2    65.3    0.372  294.5  315.6 -999.000   61.1732338   46.8216327  885.1   93
 2021    9  261  902.14   -1.99   -1.88   78.0    2.96    5.21    31.2  -999.0  -999.0   154.2   155.5    78.7    76.2    0.497  248.5  297.7    2.493   61.1731755   46.8216052  886.0   60
 2021   10  262  905.79   -4.21   -4.14   72.3    2.24    5.31    35.7  -999.0  -999.0    88.2  -999.0    50.0  -999.0 -999.000  227.9  286.5    2.435   61.1731459   46.8216376  885.5  100
 2021   11  263  902.63   -9.15   -9.08   88.9 -999.00    6.01    56.1  -999.0  -999.0    20.4  -999.0    21.8  -999.0 -999.000  242.9  270.0    2.195   61.1731124   46.8216693  885.2  100
 2021   12  264  892.19   -9.71   -9.68   81.9 -999.00    8.19    58.1  -999.0  -999.0    10.1  -999.0    10.4  -999.0 -999.000  224.1  264.6    1.423   61.1730696   46.8217124  883.4  100
 2022    1  265 -999.00 -999.00 -999.00 -999.0 -999.00 -999.00  -999.0  -999.0  -999.0  -999.0  -999.0  -999.0  -999.0 -999.000 -999.0 -999.0 -999.000 -999.0000000 -999.0000000 -999.0  100
