 Year MonthOfYear MonthOfCentury AirPressure(hPa) AirTemperature(C) AirTemperatureHygroClip(C) RelativeHumidity(%) SpecificHumidity(g/kg) WindSpeed(m/s) WindDirection(d) SensibleHeatFlux(W/m2) LatentHeatFlux(W/m2) ShortwaveRadiationDown(W/m2) ShortwaveRadiationDown_Cor(W/m2) ShortwaveRadiationUp(W/m2) ShortwaveRadiationUp_Cor(W/m2) Albedo_theta<70d LongwaveRadiationDown(W/m2) LongwaveRadiationUp(W/m2) HeightSensorBoom(m) LatitudeGPS_HDOP<1(degN) LongitudeGPS_HDOP<1(degW) ElevationGPS_HDOP<1(m) FanOK(%)
 2007    8   92 -999.00 -999.00 -999.00 -999.0 -999.00 -999.00  -999.0  -999.0  -999.0  -999.0  -999.0  -999.0  -999.0 -999.000 -999.0 -999.0 -999.000 -999.0000000 -999.0000000 -999.0 -999
 2007    9   93  972.65    2.76    1.57   77.6    3.78    0.00  -999.0     0.0     0.0   107.3   107.7    35.1    33.2    0.293  285.7  315.4    2.640   61.0241932   46.8723056  270.1 -999
 2007   10   94  965.05    0.41   -0.88   64.3    2.73    0.00  -999.0     0.0     0.0    77.4    53.6    27.8    15.4 -999.000  250.4  301.9    2.648 -999.0000000 -999.0000000 -999.0 -999
 2007   11   95  973.86   -2.68   -4.18   78.4    2.68    0.00  -999.0     0.0     0.0    20.0    23.6    17.5     7.7 -999.000  273.9  294.2    2.575 -999.0000000 -999.0000000 -999.0 -999
 2007   12   96  958.80   -9.52  -10.70   68.0    1.33    0.00  -999.0     0.0     0.0    14.1     8.4    10.3     3.5 -999.000  210.9  262.1    2.664 -999.0000000 -999.0000000 -999.0 -999
 2008    1   97  963.50  -11.44  -12.55   65.4    1.09    0.00  -999.0  -999.0  -999.0    21.0    17.6    13.7     9.6 -999.000  205.5  252.3    2.734 -999.0000000 -999.0000000 -999.0 -999
 2008    2   98  962.44  -11.14  -13.30   75.3    1.41    0.00  -999.0  -999.0  -999.0    59.3    51.2    51.0    32.6 -999.000  220.2  257.5    2.424 -999.0000000 -999.0000000 -999.0 -999
 2008    3   99  970.62   -6.18   -7.25   75.7    2.06    0.00  -999.0     0.0     0.0   121.7   112.2   102.9    87.9    0.814  247.6  277.0    2.286 -999.0000000 -999.0000000 -999.0 -999
 2008    4  100  979.77    1.05    0.35   69.5    2.96    0.00  -999.0     0.0     0.0   201.7   201.7   150.8   144.8    0.748  267.7  307.5    2.338 -999.0000000 -999.0000000 -999.0 -999
 2008    5  101  980.63    3.49    2.80   77.1    3.83    0.00  -999.0     0.0     0.0   235.0   239.6   107.4   105.3    0.449  286.3  318.3    2.641 -999.0000000 -999.0000000 -999.0 -999
 2008    6  102  985.87    3.95    3.42   79.2    4.05    0.00  -999.0     0.0     0.0   304.1   305.5    94.3    85.4    0.283  282.3  318.4    2.645 -999.0000000 -999.0000000 -999.0 -999
 2008    7  103  979.92    4.13    3.33   82.5    4.30    0.00  -999.0     0.0     0.0   103.0   153.7    96.8    70.2    0.486  310.8  318.2    2.612 -999.0000000 -999.0000000 -999.0 -999
 2008    8  104  976.47    4.36    3.38   78.8    4.19    0.00  -999.0     0.0     0.0   181.2   195.1    60.7    54.9    0.323  284.7  318.9    2.741   61.0240515   46.8727631  242.1 -999
 2008    9  105  972.55    2.29    1.33   79.1    3.71    0.00  -999.0  -999.0  -999.0   100.2   106.0    44.7    43.9    0.406  281.7  313.8    2.792 -999.0000000 -999.0000000 -999.0 -999
 2008   10  106  970.93   -1.22   -2.27   70.8    2.67    0.00  -999.0     0.0     0.0    60.8    58.8    39.4    19.3 -999.000  251.9  297.9    2.573 -999.0000000 -999.0000000 -999.0 -999
 2008   11  107  976.16   -2.46   -3.57   79.9    2.75    0.00  -999.0     0.0     0.0    17.0    19.6    17.7     8.3 -999.000  269.4  294.1    2.572 -999.0000000 -999.0000000 -999.0 -999
 2008   12  108  964.70   -8.07   -9.15   79.6    1.81    0.00  -999.0     0.0     0.0     7.8     7.9     9.7     4.3 -999.000  232.2  271.4    2.430 -999.0000000 -999.0000000 -999.0 -999
 2009    1  109  956.01   -5.77   -6.88   69.7    1.87    0.00  -999.0     0.0     0.0    15.1    17.1    16.0    11.4 -999.000  235.9  275.8    2.597 -999.0000000 -999.0000000 -999.0 -999
 2009    2  110  969.50   -4.11   -5.20   66.0    1.99    0.00  -999.0     0.0     0.0    45.3    46.3    36.4    35.4 -999.000  239.0  284.0    2.607 -999.0000000 -999.0000000 -999.0 -999
 2009    3  111  972.77   -7.45   -8.39   66.9    1.50    0.00  -999.0     0.0     0.0   124.2   137.4   107.2   104.8    0.764  216.0  270.0    2.458 -999.0000000 -999.0000000 -999.0 -999
 2009    4  112  970.90   -1.11   -1.77   72.8    2.67    0.00  -999.0     0.0     0.0   180.5   184.5   141.0   139.2    0.762  262.2  301.3    2.481 -999.0000000 -999.0000000 -999.0 -999
 2009    5  113  973.22    0.32   -0.09   74.0    3.01    0.00  -999.0     0.0     0.0   277.4   283.2   202.7   202.3    0.735  261.0  306.7    2.434   61.0239345   46.8729981  239.7 -999
 2009    6  114  984.59    3.79    2.97   82.1    4.14    0.00  -999.0     0.0     0.0   229.8   227.9    91.6    90.7    0.401  304.0  319.2    2.718   61.0239197   46.8727738  193.7 -999
 2009    7  115  983.98    4.64    3.91   77.9    4.18    0.00  -999.0     0.0     0.0   222.4   246.6   108.6    74.2    0.291  301.7  313.3    2.622   61.0239054   46.8729793  144.9 -999
 2009    8  116  977.27    4.30    3.46   79.3    4.18    0.02  -999.0     0.1     0.0    73.1   139.6    87.7    62.8 -999.000  320.6  310.8    2.617   61.0240224   46.8725080  155.8  100
 2009    9  117  966.32    1.15    0.15   80.1    3.47    3.74    21.4    22.0    -7.1   116.7   119.0    47.7    47.0    0.391  277.4  309.3    2.635   61.0314439   46.8482459  313.3  100
 2009   10  118  970.10   -1.47   -2.49   65.1    2.34    5.99    34.7    50.9   -29.9    68.6    69.0    32.7    32.1 -999.000  242.7  295.4    2.644   61.0314346   46.8482539  313.1  100
 2009   11  119  962.63   -6.53   -7.57   67.6    1.67    5.57    32.2    52.6    -8.2    26.3    29.7    24.7    24.1 -999.000  225.5  269.1    2.490 -999.0000000 -999.0000000 -999.0  100
 2009   12  120  971.06   -3.91   -4.95   63.9    1.90    5.69    42.3    58.9   -16.0     9.7     9.8    10.3     7.9 -999.000  239.2  280.2    2.220 -999.0000000 -999.0000000 -999.0  100
 2010    1  121  963.44   -2.72   -3.73   72.6    2.31    5.87    47.8    58.7   -17.5    13.7    14.9    13.5    11.8 -999.000  258.5  288.0    2.142 -999.0000000 -999.0000000 -999.0  100
 2010    2  122  973.26   -1.72   -2.69   62.9    2.18    7.00    43.7    74.6   -31.8    50.8    49.5    39.3    38.3 -999.000  241.3  291.2    2.401 -999.0000000 -999.0000000 -999.0  100
 2010    3  123  970.01   -3.67   -4.66   68.0    2.11    5.28    34.1    44.4   -13.1   115.9   115.6    97.1    96.0    0.829  248.0  284.9    2.417 -999.0000000 -999.0000000 -999.0   51
 2010    4  124  975.22   -0.37   -1.42   64.4    2.41    4.68    38.0    40.3   -14.1   219.8   219.3   176.2   175.2    0.813  246.2  296.3    2.215   61.0314167   46.8482653  314.0 -999
 2010    5  125  978.02    4.25    3.37   72.0    3.75    5.32    52.8    75.6    -6.3   204.4   205.8    43.2    42.6    0.235  290.8  315.6    2.627   61.0313881   46.8483009  313.5   61
 2010    6  126  974.60    4.09    3.30   77.2    4.02    4.29    48.1    48.4     2.6   236.2   234.1    39.3    38.7    0.164  300.8  315.8    2.644   61.0313592   46.8483214  311.9  100
 2010    7  127  972.88    4.40    3.86   79.0    4.22    4.12    53.2    47.2     8.6   254.7   258.4    43.6    43.3    0.164  293.1  316.1    2.601   61.0313481   46.8483283  310.1  100
 2010    8  128 -999.00 -999.00 -999.00 -999.0 -999.00 -999.00  -999.0  -999.0  -999.0  -999.0  -999.0  -999.0  -999.0 -999.000 -999.0 -999.0 -999.000 -999.0000000 -999.0000000 -999.0 -999
 2010    9  129 -999.00 -999.00 -999.00 -999.0 -999.00 -999.00  -999.0  -999.0  -999.0  -999.0  -999.0  -999.0  -999.0 -999.000 -999.0 -999.0 -999.000 -999.0000000 -999.0000000 -999.0 -999
 2010   10  130 -999.00 -999.00 -999.00 -999.0 -999.00 -999.00  -999.0  -999.0  -999.0  -999.0  -999.0  -999.0  -999.0 -999.000 -999.0 -999.0 -999.000 -999.0000000 -999.0000000 -999.0 -999
 2010   11  131  975.01   -0.13   -0.36   64.7    2.52    7.51   116.7    90.1   -31.1    17.0    20.3     9.0     4.2 -999.000  263.6  297.9    2.655 -999.0000000 -999.0000000 -999.0 -999
 2010   12  132  980.80   -0.46   -0.71   70.8    2.76    6.04   107.6    61.2    -8.3     9.0     8.6     6.6     3.5 -999.000  262.6  296.1    2.643 -999.0000000 -999.0000000 -999.0 -999
 2011    1  133  970.37   -5.91   -6.15   62.5    1.67    7.17    97.5    67.8   -19.2    15.9    15.4    13.2     9.9 -999.000  226.2  273.4    2.670 -999.0000000 -999.0000000 -999.0   35
 2011    2  134  949.51   -7.81   -7.99   68.4    1.48    7.95    85.1    59.4   -18.7    50.6    34.8    31.3    28.4 -999.000  221.0  268.4    2.627 -999.0000000 -999.0000000 -999.0  100
 2011    3  135  968.92   -8.08   -8.18   65.6    1.58    7.23    90.0    48.0   -18.2   129.4   124.1    74.2    66.8    0.559  212.0  269.6    2.645   61.0312884   46.8484377  306.6  100
 2011    4  136 -999.00 -999.00 -999.00 -999.0 -999.00 -999.00  -999.0  -999.0  -999.0  -999.0  -999.0  -999.0  -999.0 -999.000 -999.0 -999.0 -999.000 -999.0000000 -999.0000000 -999.0  100
 2011    5  137  978.91   -0.78   -0.76   74.1    2.72    3.83    96.4    21.5   -14.3   280.0   283.0   206.7   205.1    0.739  255.6  303.2    2.361   61.0312658   46.8484221  305.5  100
 2011    6  138  984.68    3.41    3.39   77.5    3.82    3.25    99.3    22.7     0.1   295.6   295.1   158.8   157.5    0.545  282.6  314.6    2.580   61.0312576   46.8484354  305.7  100
 2011    7  139  974.97    4.67    4.60   77.0    4.17    4.01   130.7    49.2     5.8   210.5   209.7    82.0    81.4    0.390  307.4  317.0    2.492   61.0312453   46.8484617  304.0  100
 2011    8  140  978.93    3.90    2.91   78.9    4.05    3.12    68.4    30.0     2.5   192.0   192.3    69.2    68.5    0.347  293.1  316.8    2.582   61.0312298   46.8484659  302.5  100
 2011    9  141  964.13    2.09    0.63   72.3    3.33    3.46    33.1    25.3   -10.4   131.7   125.1    45.2    44.6    0.361  269.9  311.6    2.695   61.0312179   46.8484785  300.7  100
 2011   10  142  966.95   -2.95   -4.43   65.6    2.12    4.46    22.3    28.5   -17.1    84.4    74.6    42.3    37.9 -999.000  236.1  290.0    2.653   61.0312146   46.8484905  300.8  100
 2011   11  143  958.16   -7.40   -8.91   69.5    1.64    3.75    31.3    25.1    -6.1    33.1    28.4    19.0    16.4 -999.000  223.0  269.7    2.652 -999.0000000 -999.0000000 -999.0  100
 2011   12  144  960.04   -9.73  -11.24   77.0    1.46    5.91    40.7    31.6    -5.5     9.7     9.6     7.7     6.2 -999.000  236.1  264.0    2.569 -999.0000000 -999.0000000 -999.0  100
 2012    1  145  957.98   -8.10   -9.60   75.5    1.66    6.63    44.2    45.1    -8.7    18.3    17.9    14.4    12.9 -999.000  238.1  268.9    2.380   61.0311766   46.8485100  299.9  100
 2012    2  146  962.49   -6.88   -8.34   78.6    2.02    5.40    52.2    37.6    -7.8    53.7    52.6    42.0    41.6 -999.000  248.7  276.0    1.878 -999.0000000 -999.0000000 -999.0  100
 2012    3  147  962.66   -8.37   -9.77   73.7    1.83    5.81    35.1    48.8   -10.2   123.2   115.1    95.4    94.9    0.835  233.7  269.0    1.515 -999.0000000 -999.0000000 -999.0  100
 2012    4  148  974.91   -0.52   -1.81   78.5    3.00    4.41    64.8    33.6   -10.6   174.5   169.9   137.7   137.3    0.815  280.3  303.7    2.135   61.0311687   46.8485311  302.0  100
 2012    5  149  980.61    2.42    1.17   74.1    3.39    3.96    53.6  -999.0  -999.0   246.5   245.3   161.2   161.1    0.688  287.9  314.1    2.391   61.0311632   46.8485321  303.3  100
 2012    6  150  982.98    4.35    3.00   74.9    3.91    3.32    40.7    33.4    -2.0   307.2   305.5    96.7    96.5    0.326  286.5  317.6    2.651   61.0311532   46.8485548  302.5  100
 2012    7  151  975.73    5.93    4.53   75.3    4.47    5.30    68.8    89.6    27.2   231.0   230.5    50.5    50.5    0.214  310.2  320.2    2.651   61.0311440   46.8485728  299.9  100
 2012    8  152  976.92    4.60    3.71   80.0    4.33    4.16    72.6    47.8     9.3   167.5   172.2    33.8    33.6    0.189  304.4  318.4    2.652   61.0311292   46.8485892  298.2  100
 2012    9  153  972.64    3.00    2.68   82.4    4.02    3.89    65.0    32.1     4.2   101.3   111.5    23.2    22.7    0.197  295.4  316.0    2.636   61.0311153   46.8486035  295.6  100
 2012   10  154  975.82    1.67    1.31   71.2    3.20    5.71    88.9    53.5   -19.4    47.2    54.9    15.7    15.3 -999.000  275.3  308.9    2.637   61.0311074   46.8486193  293.3  100
 2012   11  155  967.42   -3.34   -3.74   70.3    2.26    7.28    84.2    54.9   -18.2    16.3    19.9    13.2     8.2 -999.000  253.2  287.9    2.629 -999.0000000 -999.0000000 -999.0  100
 2012   12  156  967.18   -3.35   -3.77   61.2    1.93    7.55    82.0    75.3   -26.5     6.3    10.3     6.5     5.5 -999.000  240.2  283.3    2.637   61.0310877   46.8486426  294.5  100
 2013    1  157  952.77   -5.58   -5.95   71.1    1.84    7.16    96.4    57.4   -17.9    13.1    17.7    14.0    11.9 -999.000  246.3  277.7    2.555   61.0310817   46.8486492  294.0  100
 2013    2  158  966.52   -5.40   -5.72   70.0    1.83    6.35    83.3    56.3   -13.0    46.5    57.6    47.4    44.8 -999.000  241.1  277.1    2.135 -999.0000000 -999.0000000 -999.0  100
 2013    3  159  983.41   -2.38   -2.66   62.3    2.06    6.64    90.1    62.1   -31.4   108.5   119.7    93.5    93.0 -999.000  244.4  289.8    2.213 -999.0000000 -999.0000000 -999.0   70
 2013    4  160  975.57   -1.58   -1.95   64.4    2.26    6.81    85.4    54.4   -38.0   188.5   200.1   146.1   145.3    0.733  245.6  296.3    2.411 -999.0000000 -999.0000000 -999.0 -999
 2013    5  161  978.08    0.24   -0.12   68.4    2.75    5.14    55.7    30.4   -18.6   266.6   273.0   200.1   198.7    0.742  261.9  303.8    2.335   61.0310746   46.8486633  296.5 -999
 2013    6  162  971.75    3.53    3.16   77.9    3.89    3.22    74.7  -999.0  -999.0   258.3   263.3    92.3    91.7    0.352  288.6  316.7    2.704   61.0310641   46.8486782  296.0 -999
 2013    7  163  974.84    4.00    3.60   82.5    4.27    3.34    83.2    30.9     7.2   203.2   208.6    42.9    42.7    0.204  306.4  318.3    2.787   61.0310535   46.8486934  295.0 -999
 2013    8  164  971.37    3.60    2.80   82.1    4.17    3.44    50.7    27.8     4.1   182.7   187.4    38.1    37.7    0.196  296.6  317.0    2.703   61.0310513   46.8486906  293.6   48
 2013    9  165  972.80    1.55    0.30   79.1    3.50    3.90    17.7    27.3    -5.1   107.4   105.0    29.9    29.4    0.273  283.7  311.6    2.634   61.0310502   46.8486787  292.7  100
 2013   10  166  972.19    0.36   -0.93   70.6    2.86    4.35    41.8    34.3   -18.4    63.4    62.3    18.3    16.4 -999.000  268.0  305.2    2.642   61.0310431   46.8486860  291.2  100
 2013   11  167  966.37   -4.02   -5.39   76.3    2.32    6.01    48.6    38.0   -11.8    22.9    28.1    15.5     9.5 -999.000  261.2  288.0    2.600 -999.0000000 -999.0000000 -999.0  100
 2013   12  168  955.72   -9.34  -10.79   67.3    1.32    7.21    34.2    57.9   -15.5    11.5    11.4     9.6     5.6 -999.000  220.3  261.2    2.379   61.0310252   46.8487048  291.0  100
 2014    1  169  959.35   -7.48   -8.90   68.5    1.54    6.84    42.1    54.9   -16.7    18.2    18.2    15.3    12.4 -999.000  234.0  269.8    2.247 -999.0000000 -999.0000000 -999.0  100
 2014    2  170  956.30   -7.71   -9.09   69.8    1.49    5.20    36.8    46.5   -11.7    51.1    49.7    42.8    40.7 -999.000  235.2  267.9    1.981 -999.0000000 -999.0000000 -999.0  100
 2014    3  171  961.05   -8.23   -9.53   73.0    1.60    5.84    35.9    37.3   -11.3   127.8   120.0   102.0   101.8    0.858  232.9  269.8    1.874 -999.0000000 -999.0000000 -999.0  100
 2014    4  172  970.86   -4.19   -5.25   73.4    2.19    3.74    22.0    21.9   -10.6   215.0   209.7   169.4   168.2    0.800  245.5  288.8    1.703   61.0310205   46.8487084  291.4  100
 2014    5  173  977.46    2.01    0.96   72.2    3.22    4.21    29.6  -999.0  -999.0   264.8   259.7   183.9   183.3    0.722  275.6  312.4    2.217   61.0310137   46.8487273  293.1  100
 2014    6  174  979.89    4.15    2.99   77.1    3.99    3.86    31.6  -999.0  -999.0   247.7   248.4    72.6    72.4    0.306  300.1  318.3 -999.000   61.0310092   46.8487447  292.2  100
 2014    7  175  976.79    4.81    3.61   77.5    4.24    3.91    37.7  -999.0  -999.0   245.7   248.9    45.8    45.6    0.181  299.5  318.6 -999.000   61.0309973   46.8487676  290.2  100
 2014    8  176  979.51    4.63    3.41   76.8    4.13    3.98    45.0  -999.0  -999.0   210.4   214.3    41.1    40.9    0.190  294.2  318.2 -999.000   61.0309737   46.8487890  287.7  100
 2014    9  177  967.15    2.14    0.86   79.2    3.69    4.92    45.2    39.6    -6.6    90.8    92.5    19.2    19.0    0.195  293.0  314.4    2.662   61.0309376   46.8488167  285.8  100
 2014   10  178  973.98   -1.25   -2.57   63.1    2.32    5.63    40.5    42.2   -25.0    65.6    51.4    29.5    11.7 -999.000  250.0  296.7    2.657   61.0309352   46.8488270  285.1  100
 2014   11  179  963.13   -4.19   -5.55   68.5    2.04    6.58    55.9    46.7   -19.4    23.4    25.0    16.4     8.7 -999.000  247.9  284.3    2.610   61.0309202   46.8488516  282.6  100
 2014   12  180  966.10   -8.57  -10.00   74.8    1.60    7.23    27.6    42.1    -7.7     9.6     9.0     9.6     4.4 -999.000  232.5  267.3    2.445 -999.0000000 -999.0000000 -999.0  100
 2015    1  181  960.16  -11.74  -13.20   71.9    1.19    7.91    33.8    48.9    -8.5    16.3    17.7    15.0    11.1 -999.000  211.7  254.4    2.359 -999.0000000 -999.0000000 -999.0  100
 2015    2  182  963.66  -11.16  -12.58   72.8    1.38    6.43    51.2    46.2    -5.0    53.8    57.3    45.4    43.0 -999.000  223.5  257.6    2.150 -999.0000000 -999.0000000 -999.0  100
 2015    3  183  957.71  -11.47  -12.79   70.2    1.22    6.04    41.1    39.9   -13.8   128.8   126.9   103.2   102.2    0.806  212.1  256.3    2.079 -999.0000000 -999.0000000 -999.0  100
 2015    4  184  972.46   -4.74   -5.79   70.7    1.97    4.39    56.2    25.5   -17.8   211.0   208.4   168.6   167.0    0.811  248.3  287.3    1.947   61.0309127   46.8488648  284.2  100
 2015    5  185  973.57   -1.09   -2.09   72.7    2.64    4.41    48.9    23.5   -22.7   270.1   268.4   203.8   202.5    0.763  262.2  304.4    2.022   61.0309041   46.8488677  285.7  100
 2015    6  186  979.41    3.40    2.32   72.9    3.58    3.81    49.7    41.5    -6.6   285.0   285.5   162.6   162.2    0.612  290.5  316.4    2.328   61.0308988   46.8488752  286.4  100
 2015    7  187  985.56    4.10    2.90   78.6    4.03    3.32    40.8    33.7     0.6   279.8   283.0    51.2    50.8    0.181  289.4  317.7    2.694   61.0308884   46.8488921  285.1  100
 2015    8  188  977.94    4.42    3.10   74.2    3.95    4.25    38.8  -999.0  -999.0   218.9   222.2    40.2    39.9    0.177  284.8  317.9    2.666   61.0308756   46.8489069  282.6  100
 2015    9  189  970.64    2.48    0.82   81.3    3.86    3.88    72.7    31.2     2.8   108.4   110.6    28.8    28.3    0.245  291.1  315.1    2.634   61.0308644   46.8489185  280.9  100
 2015   10  190  967.14   -2.26   -3.96   67.9    2.37    5.67    77.3    43.4   -22.8    67.5    65.7    31.8    19.3 -999.000  250.2  292.9    2.615   61.0308590   46.8489280  280.0  100
 2015   11  191  967.47   -7.69   -9.43   66.8    1.51    5.30    59.1    47.2   -10.0    28.1    19.9    23.7     7.5 -999.000  225.9  266.4    2.485 -999.0000000 -999.0000000 -999.0  100
 2015   12  192  955.73   -9.03  -10.79   68.3    1.44    6.12    67.3    50.7   -11.4    10.2     9.1     9.5     4.6 -999.000  226.3  261.2    2.313 -999.0000000 -999.0000000 -999.0  100
 2016    1  193  960.33   -6.35   -8.08   63.1    1.68    7.23    80.6    69.9   -28.4    16.6    17.5    14.2    11.5 -999.000  234.8  272.6    2.261 -999.0000000 -999.0000000 -999.0  100
 2016    2  194  963.39   -6.16   -7.89   66.4    1.65    7.16    77.8    58.1   -26.6    43.6    47.0    37.0    36.7 -999.000  242.0  275.5    2.326   61.0308495   46.8489443  278.4  100
 2016    3  195  962.98   -5.39   -7.03   73.3    2.00    5.90    82.5    46.3   -17.8   114.5   115.0    94.7    93.4    0.827  251.1  281.6    2.130 -999.0000000 -999.0000000 -999.0  100
 2016    4  196  979.34    0.76   -0.81   72.9    2.98    5.06    95.1    41.0   -23.9   168.0   166.9   124.4   123.0    0.752  278.8  307.5    2.248   61.0308394   46.8489704  280.6  100
 2016    5  197  978.83    1.74    0.17   76.7    3.39    3.54    70.0    26.3    -8.0   227.7   230.4    93.8    93.3    0.422  279.5  312.8    2.641   61.0308353   46.8489746  281.4  100
 2016    6  198  977.01    4.63    3.00   78.2    4.21    4.48    67.4    56.2     7.0   254.6   256.3    43.1    42.7    0.178  302.5  318.6    2.644   61.0308251   46.8489898  281.0  100
 2016    7  199  981.73    5.06    3.44   74.2    4.10    4.29    75.5    54.2     3.9   284.1   290.1    42.9    42.7    0.148  289.7  318.6    2.648   61.0308081   46.8490041  278.2  100
 2016    8  200  977.46    4.60    2.98   79.0    4.27    3.93    31.7    43.6     8.1   196.2   195.5    31.0    30.7    0.153  298.4  319.8    2.657   61.0308006   46.8490233  276.8  100
 2016    9  201  969.44    2.52    0.91   70.1    3.32    4.32    13.7    36.8   -17.7   153.7   144.8    28.8    28.3    0.191  268.6  314.5    2.638   61.0307960   46.8490432  275.3  100
 2016   10  202  970.05   -1.59   -3.26   66.1    2.43    6.07   351.1    37.0   -29.9    73.7    59.5    16.1    11.4 -999.000  249.8  298.2    2.639   61.0307856   46.8490488  273.2  100
 2016   11  203  971.86   -3.80   -5.50   73.5    2.32    5.81    14.9    41.9   -11.2    22.0    20.7    12.9     6.2 -999.000  257.6  288.5    2.618 -999.0000000 -999.0000000 -999.0  100
 2016   12  204  960.10   -7.62   -9.36   64.7    1.58    7.60     8.9    53.6   -25.0    11.1    10.9     6.9     5.0 -999.000  229.6  271.2    2.634 -999.0000000 -999.0000000 -999.0  100
 2017    1  205  965.21   -7.21   -8.93   76.9    1.87    6.17    37.2    30.1   -11.9    18.8    19.7    15.1    12.3 -999.000  249.0  275.6    1.875 -999.0000000 -999.0000000 -999.0   93
 2017    2  206  960.56   -7.73   -9.45   72.1    1.70    5.57    25.0    33.1   -14.0    55.7    51.4    42.9    39.7 -999.000  244.2  272.2    1.741 -999.0000000 -999.0000000 -999.0  100
 2017    3  207  968.65   -5.65   -7.31   68.1    1.76    6.72    23.1    42.1   -29.2   130.8   122.7   101.8   100.7    0.828  238.7  281.9    1.566 -999.0000000 -999.0000000 -999.0  100
 2017    4  208  977.28   -5.15   -6.74   73.4    1.96    5.49    10.2    28.4   -24.3   205.5   205.8   169.5   170.1    0.832  245.8  287.1    1.366   61.0307677   46.8490936  275.6  100
 2017    5  209  982.99    2.31    0.86   79.0    3.61    2.75    22.5    24.2    -3.5   268.0   263.4   181.9   180.8    0.697  285.7  317.2    1.909   61.0307645   46.8490983  274.1  100
 2017    6  210  977.14    3.51    1.95   76.6    3.79    3.21    14.8  -999.0  -999.0   304.3   302.7   133.8   133.3    0.438  285.7  319.6 -999.000   61.0307559   46.8491052  274.7  100
 2017    7  211  974.33    4.21    2.62   77.9    4.09    3.28    31.0  -999.0  -999.0   226.5   227.5    75.9    75.7    0.332  299.5  320.5 -999.000   61.0307500   46.8491247  272.7  100
 2017    8  212  979.02    4.05    2.43   84.7    4.39    3.19    37.0  -999.0  -999.0   147.2   151.9    47.8    47.7    0.301  310.7  320.5 -999.000   61.0307499   46.8491506  270.9  100
 2017    9  213  971.79    2.11    0.50   73.8    3.40    3.58    21.9  -999.0  -999.0   115.0   127.0    52.5    51.8    0.406  273.7  313.0 -999.000   61.0307459   46.8491664  268.9  100
 2017   10  214  971.61   -0.30   -1.94   73.2    2.88    3.85    39.2  -999.0  -999.0    51.0    52.5    44.4    18.3 -999.000  269.4  302.1 -999.000   61.0307418   46.8491754  268.5  100
 2017   11  215  976.16   -3.37   -5.06   72.2    2.28    6.54    38.2  -999.0  -999.0    15.0    24.4    15.0    10.3 -999.000  263.4  291.1 -999.000 -999.0000000 -999.0000000 -999.0  100
 2017   12  216  969.59   -4.11   -5.81   69.9    2.05    7.20    50.8  -999.0  -999.0     5.6     9.5     7.6     5.1 -999.000  257.8  287.2 -999.000 -999.0000000 -999.0000000 -999.0  100
 2018    1  217  964.53   -8.46  -10.19   64.8    1.38    6.01    30.1  -999.0  -999.0    13.1    18.0    13.2    12.0 -999.000  228.3  267.8 -999.000 -999.0000000 -999.0000000 -999.0  100
 2018    2  218  963.72  -14.08  -15.82   71.4    1.03    7.26     8.1  -999.0  -999.0    48.2    57.8    47.7    45.3 -999.000  202.5  246.9 -999.000 -999.0000000 -999.0000000 -999.0  100
 2018    3  219  980.38   -5.53   -7.18   58.7    1.55    5.19    22.0  -999.0  -999.0   125.2   134.6   101.6   101.2    0.748  221.6  279.0 -999.000 -999.0000000 -999.0000000 -999.0  100
 2018    4  220  973.44   -1.43   -2.99   66.7    2.35    4.87    45.8    30.5   -31.5   196.0   202.4   154.4   153.7    0.761  257.9  300.8    2.344   61.0307218   46.8492146  268.9  100
 2018    5  221  968.36   -2.45   -3.95   72.2    2.40    4.43     9.1    17.7   -23.3   249.9   253.4   197.9   196.6    0.786  258.8  300.0    2.258   61.0307187   46.8492139  268.7  100
 2018    6  222  974.63    3.29    1.71   81.9    3.99    3.76    50.6    47.7     1.2   202.2   201.8    66.0    65.6    0.340  308.9  319.4    2.589   61.0307134   46.8492319  269.7  100
 2018    7  223  974.71    4.27    2.68   80.7    4.27    3.88    33.4    41.0     7.4   211.9   213.9    50.9    50.7    0.229  306.0  320.8    2.626   61.0307100   46.8492468  268.0  100
 2018    8  224  975.40    4.04    2.45   79.5    4.14    3.97    30.5    37.9     3.0   158.8   159.8    36.8    36.5    0.228  305.4  319.9    2.613   61.0307029   46.8492670  265.7  100
 2018    9  225  973.86    1.75    0.14   76.8    3.43    4.78   111.4    33.2   -13.7   107.6   107.7    42.8    42.4    0.408  283.5  314.5    2.571   61.0306957   46.8492734  264.3  100
 2018   10  226  969.89   -3.17   -4.83   67.3    2.08    5.46   105.9    37.1   -21.4    65.3    65.6    58.0    57.7 -999.000  245.0  290.2    2.569   61.0306920   46.8492848  264.0  100
 2018   11  227  970.86   -2.71   -4.40   59.2    1.87    7.12   116.6    62.3   -44.9    24.6    21.6    20.2    20.3 -999.000  239.2  288.9    2.645 -999.0000000 -999.0000000 -999.0  100
 2018   12  228  967.03   -3.52   -5.21   65.7    1.97    5.44   118.2    39.4   -27.4     7.3     6.7     6.2     6.1 -999.000  255.1  287.3    2.547 -999.0000000 -999.0000000 -999.0  100
 2019    1  229  970.92   -6.37   -8.08   75.8    1.90    6.63   110.5    34.3   -17.6    12.4    15.2    13.9    13.6 -999.000  250.7  279.3    1.882 -999.0000000 -999.0000000 -999.0  100
 2019    2  230  961.56   -5.89   -7.59   69.8    1.75    7.24   122.6    46.7   -29.7    43.6    47.1    41.4    41.2 -999.000  244.6  279.4    1.642 -999.0000000 -999.0000000 -999.0  100
 2019    3  231  964.94   -6.67   -8.32   74.4    1.81    6.31   118.5  -999.0  -999.0   105.5   108.5    96.6    95.9    0.881  246.9  279.6    1.541 -999.0000000 -999.0000000 -999.0  100
 2019    4  232  970.06   -0.48   -2.01   68.6    2.63    5.59   115.7  -999.0  -999.0   193.3   195.6   152.4   151.7    0.792  261.6  305.1    1.583 -999.0000000 -999.0000000 -999.0  100
 2019    5  233  983.88    4.29    2.72   65.3    3.37    5.05   119.8  -999.0  -999.0   246.7   246.1   135.5   134.8    0.571  286.0  319.9 -999.000   61.0306671   46.8493302  264.8  100
 2019    6  234  986.52    4.63    3.03   74.1    3.95    3.57   126.2  -999.0  -999.0   256.8   254.5    58.0    57.8    0.225  298.4  320.8 -999.000   61.0306599   46.8493522  263.2  100
 2019    7  235  983.28    4.97    3.36   76.7    4.19    3.65   125.8    44.6     2.3   250.7   246.0    52.6    52.6    0.210  303.0  321.4    2.596   61.0306499   46.8493742  260.8   80
 2019    8  236  982.15    4.78    3.23   72.3    3.92    4.42   141.1    58.6    -1.6   214.8   211.2    43.7    43.6    0.211  293.6  320.7    2.534   61.0304296   46.8491106  258.8  100
 2019    9  237  976.19    2.90    2.82   72.9    3.51    4.30    14.7  -999.0  -999.0   117.8   123.0    40.0    40.3    0.314  281.0  316.9    2.461 -999.0000000 -999.0000000 -999.0  100
 2019   10  238  978.36    1.70    1.59   69.7    3.04    4.66    23.6  -999.0  -999.0    54.8    51.1    21.6    24.1 -999.000  279.5  311.9    2.462 -999.0000000 -999.0000000 -999.0  100
 2019   11  239  971.20   -1.10   -1.24   62.1 -999.00    7.36    26.3  -999.0  -999.0    22.3  -999.0    13.3  -999.0 -999.000  257.5  298.4    2.467 -999.0000000 -999.0000000 -999.0  100
 2019   12  240  967.04   -4.68 -999.00   62.3 -999.00    7.74    22.0  -999.0  -999.0     8.3  -999.0     7.3  -999.0 -999.000  240.2  283.3    2.474 -999.0000000 -999.0000000 -999.0  100
 2020    1  241  961.46  -11.67 -999.00   73.3    1.17    6.58     1.9  -999.0  -999.0    16.1    18.5    12.4    12.1 -999.000  214.8  255.6    2.496   61.0306294   46.8496091  255.7  100
 2020    2  242  956.73  -11.02 -999.00   64.5    1.10    7.25   359.2  -999.0  -999.0    54.8    58.7    40.3    37.9 -999.000  211.0  258.5 -999.000 -999.0000000 -999.0000000 -999.0  100
 2020    3  243  970.99   -7.94 -999.00   66.2    1.48    6.65     7.9  -999.0  -999.0   118.8   120.4    75.0    74.8    0.630  224.2  273.5 -999.000 -999.0000000 -999.0000000 -999.0  100
 2020    4  244  977.15   -1.79 -999.00   64.7    2.27    5.85    35.9  -999.0  -999.0   190.7   193.9   152.9   153.7    0.801  259.8  298.9 -999.000   61.0306159   46.8496173  257.1  100
 2020    5  245  979.04    2.76 -999.00   72.2    3.37    3.91    31.0  -999.0  -999.0   246.1   247.4   134.3   134.3    0.577  287.4  318.1 -999.000   61.0306128   46.8496199  257.3  100
 2020    6  246  981.92    3.12 -999.00   85.8    4.15    3.35    23.8  -999.0  -999.0   207.0   206.8    68.0    68.0    0.345  309.5  319.7 -999.000   61.0306068   46.8496363  257.6  100
 2020    7  247  981.88    4.71 -999.00   81.9    4.39    3.76    20.7    45.8     7.7   207.6   206.4    49.1    49.2    0.241  319.4  321.7    2.466   61.0306014   46.8496300  255.4  100
 2020    8  248  977.36    4.40 -999.00   80.0    4.25    3.65    54.0    39.8     8.7   188.0   190.4    49.2    49.1    0.255  296.5  320.4    2.464   61.0305977   46.8496247  252.3  100
 2020    9  249  973.22    1.27    1.30   77.6    3.46    5.71    16.2    42.3    -9.3   110.6   112.7    51.5    50.9    0.443  275.6  311.2    2.462   61.0305787   46.8496239  251.4  100
 2020   10  250  975.84   -0.37   -0.36   81.6    3.19    4.14    35.8    26.8    -3.1    50.5    44.4    30.9    30.4 -999.000  280.4  304.6    2.463   61.0305749   46.8496252  250.7  100
 2020   11  251  966.58   -5.60   -5.62   78.6    2.01    5.53    24.3    30.0    -7.4    20.7    24.3    20.0    17.0 -999.000  248.4  280.4    2.436 -999.0000000 -999.0000000 -999.0   63
 2020   12  252  978.37   -4.23   -4.25   75.8    2.20    5.82    35.6    38.2   -15.3     7.1     9.7     8.0     7.2 -999.000  260.0  286.8    2.185 -999.0000000 -999.0000000 -999.0  100
 2021    1  253  978.88   -3.28   -3.30   75.0    2.32    5.71    37.2    40.0   -20.7    16.3    18.8    15.3    14.8 -999.000  261.9  290.9    1.888 -999.0000000 -999.0000000 -999.0   87
 2021    2  254  968.48   -6.54   -6.54   62.5    1.50    6.19    26.8    48.1   -30.5    59.5    58.8    50.0    48.4 -999.000  219.0  272.8    2.024 -999.0000000 -999.0000000 -999.0  100
 2021    3  255  969.90   -5.65   -5.57   76.7    2.12    6.02    23.2    34.3   -18.6   117.8   119.6   102.9   101.3    0.856  248.2  284.0    1.964 -999.0000000 -999.0000000 -999.0   96
 2021    4  256  990.20   -0.13    0.01   76.9    3.02    3.80     8.1    23.4   -15.5   206.3   204.5   148.2   147.4    0.739  266.3  307.7    1.998 -999.0000000 -999.0000000 -999.0   86
 2021    5  257  983.25    1.65    1.74   70.4    3.02    4.93    36.2  -999.0  -999.0   263.6   264.5   173.2   172.4    0.670  268.9  314.2    2.358   61.0305512   46.8496669  252.7  100
 2021    6  258  979.13    3.61    3.63   86.2    4.35    3.28    18.2  -999.0  -999.0   242.9   243.7    66.1    65.9    0.265  298.3  320.1 -999.000   61.0305487   46.8496813  252.0  100
 2021    7  259  980.42    5.03    5.00   84.5    4.67    3.76    25.2  -999.0  -999.0   194.8   194.8    41.1    40.9    0.207  316.6  322.4 -999.000   61.0305363   46.8496895  248.6  100
 2021    8  260  980.42    5.28    5.24   81.6    4.60    4.56    42.2  -999.0  -999.0   152.2   154.8    29.7    29.7    0.184  312.7  323.2 -999.000   61.0305386   46.8496944  247.0  100
 2021    9  261  976.46    1.98    2.00   75.2    3.45    4.11    25.5  -999.0  -999.0   136.4   147.6    33.9    32.7    0.219  267.9  313.8    2.467 -999.0000000 -999.0000000 -999.0   96
 2021   10  262  982.33    0.76    0.77   66.2 -999.00    3.61    42.0  -999.0  -999.0    81.6  -999.0    23.6  -999.0 -999.000  241.9  307.0    2.469 -999.0000000 -999.0000000 -999.0  100
 2021   11  263 -999.00 -999.00 -999.00 -999.0 -999.00 -999.00  -999.0  -999.0  -999.0  -999.0  -999.0  -999.0  -999.0 -999.000 -999.0 -999.0 -999.000 -999.0000000 -999.0000000 -999.0  100
 2021   12  264 -999.00 -999.00 -999.00 -999.0 -999.00 -999.00  -999.0  -999.0  -999.0  -999.0  -999.0  -999.0  -999.0 -999.000 -999.0 -999.0 -999.000 -999.0000000 -999.0000000 -999.0  100
 2022    1  265 -999.00 -999.00 -999.00 -999.0 -999.00 -999.00  -999.0  -999.0  -999.0  -999.0  -999.0  -999.0  -999.0 -999.000 -999.0 -999.0 -999.000 -999.0000000 -999.0000000 -999.0  100
