 Year MonthOfYear MonthOfCentury AirPressure(hPa) AirTemperature(C) AirTemperatureHygroClip(C) RelativeHumidity(%) SpecificHumidity(g/kg) WindSpeed(m/s) WindDirection(d) SensibleHeatFlux(W/m2) LatentHeatFlux(W/m2) ShortwaveRadiationDown(W/m2) ShortwaveRadiationDown_Cor(W/m2) ShortwaveRadiationUp(W/m2) ShortwaveRadiationUp_Cor(W/m2) Albedo_theta<70d LongwaveRadiationDown(W/m2) LongwaveRadiationUp(W/m2) HeightSensorBoom(m) LatitudeGPS_HDOP<1(degN) LongitudeGPS_HDOP<1(degW) ElevationGPS_HDOP<1(m) FanOK(%)
 2008    7  103 -999.00 -999.00 -999.00 -999.0 -999.00 -999.00  -999.0  -999.0  -999.0  -999.0  -999.0  -999.0  -999.0 -999.000 -999.0 -999.0 -999.000 -999.0000000 -999.0000000 -999.0  100
 2008    8  104  954.08    3.06    2.72   76.2    3.77    0.00  -999.0  -999.0  -999.0   151.2   152.6    54.4    54.1    0.364  288.4  317.4 -999.000   72.2291021   26.8165566  473.3  100
 2008    9  105  950.10   -1.86   -2.23   79.4    2.92    0.00  -999.0  -999.0  -999.0    69.7    81.1    43.3    42.8 -999.000  268.2  298.7 -999.000   72.2290522   26.8165887  476.1  100
 2008   10  106  949.53  -11.08  -11.57   64.1    1.06    0.00  -999.0  -999.0  -999.0    18.5    25.4    14.5    14.2 -999.000  209.5  253.2 -999.000   72.2290420   26.8165960  481.1  100
 2008   11  107  953.70  -16.90  -17.37   70.9    0.69    0.00  -999.0  -999.0  -999.0    -0.1     1.3     1.2     0.8 -999.000  193.6  231.1 -999.000   72.2290420   26.8165960  481.1  100
 2008   12  108  946.46  -14.21  -14.70   73.1    0.92    0.00  -999.0  -999.0  -999.0    -0.8     0.0     0.4     0.0 -999.000  215.1  241.7 -999.000   72.2290420   26.8165960  481.1  100
 2009    1  109  945.61  -14.51  -15.00   70.2    0.95    0.00  -999.0  -999.0  -999.0    -0.7     0.3     0.5     0.2 -999.000  208.8  239.0 -999.000   72.2290420   26.8165960  481.1  100
 2009    2  110  956.83  -20.55  -20.97   73.2    0.51    0.00  -999.0  -999.0  -999.0     8.4    10.5     8.1     8.0 -999.000  185.3  215.0 -999.000   72.2290420   26.8165960  481.1  100
 2009    3  111  955.39  -19.06  -19.39   67.1    0.52    0.00  -999.0  -999.0  -999.0    59.6    61.9    49.2    49.6 -999.000  184.3  220.6 -999.000   72.2290420   26.8165960  481.1  100
 2009    4  112  958.53  -15.43  -15.43   71.3    0.77    0.00  -999.0  -999.0  -999.0   147.8   151.9   123.4   123.8    0.815  211.5  238.9 -999.000   72.2290420   26.8165960  481.1  100
 2009    5  113  953.43   -1.69   -1.58   71.3    2.48    0.00  -999.0  -999.0  -999.0   263.7   264.0   186.9   186.1    0.724  252.1  300.1 -999.000   72.2286358   26.8167483  472.9  100
 2009    6  114  960.51    1.54    1.69   72.1    3.15    0.00  -999.0  -999.0  -999.0   290.3   293.6   143.4   143.0    0.488  269.6  315.4 -999.000   72.2285577   26.8167930  472.9  100
 2009    7  115  962.69    3.82    3.79   73.7    3.80    0.00  -999.0  -999.0  -999.0   247.3   251.4    92.0    91.8    0.374  290.8  319.1 -999.000   72.2284651   26.8168250  471.8  100
 2009    8  116  957.83    2.28    2.19   73.8    3.46    0.00  -999.0  -999.0  -999.0   140.6   146.9    63.4    63.2    0.430  284.4  315.9 -999.000   72.2283989   26.8168763  473.6  100
 2009    9  117  946.93   -5.08   -5.26   70.7    1.97    0.00  -999.0  -999.0  -999.0    86.9    89.6    55.7    55.3 -999.000  234.9  283.3 -999.000 -999.0000000 -999.0000000 -999.0  100
 2009   10  118  958.91  -13.73  -14.08   68.3    0.87    0.00  -999.0  -999.0  -999.0    21.2    22.1    17.7    17.3 -999.000  196.7  242.6 -999.000 -999.0000000 -999.0000000 -999.0  100
 2009   11  119  951.45  -15.79  -16.18   70.5    0.80    0.00  -999.0  -999.0  -999.0    -0.2     1.2     1.3     0.9 -999.000  199.3  234.1 -999.000 -999.0000000 -999.0000000 -999.0  100
 2009   12  120  963.80  -13.29  -13.66   66.8    0.98    0.00  -999.0  -999.0  -999.0    -1.1     0.0     0.5     0.0 -999.000  206.1  245.4 -999.000 -999.0000000 -999.0000000 -999.0  100
 2010    1  121  953.44  -13.80  -14.18   77.6    0.97    0.00  -999.0  -999.0  -999.0    -0.7     0.2     0.5     0.2 -999.000  223.3  244.9 -999.000 -999.0000000 -999.0000000 -999.0  100
 2010    2  122  964.51  -18.35  -18.73   68.2    0.56    0.00  -999.0  -999.0  -999.0     9.0    10.3     7.9     7.6 -999.000  179.7  223.3 -999.000 -999.0000000 -999.0000000 -999.0  100
 2010    3  123  959.43  -19.93  -20.15   72.6    0.50    0.00  -999.0  -999.0  -999.0    63.9    67.2    49.0    48.8 -999.000  182.4  217.8 -999.000 -999.0000000 -999.0000000 -999.0  100
 2010    4  124  958.74  -10.32  -10.39   62.5    1.04    0.00  -999.0  -999.0  -999.0   164.1   164.0   122.2   122.0    0.752  208.2  256.4 -999.000 -999.0000000 -999.0000000 -999.0  100
 2010    5  125  962.89   -2.60   -2.20   77.0    2.46    0.00  -999.0  -999.0  -999.0   248.6   248.6   165.4   165.1    0.677  254.6  299.3 -999.000   72.2279505   26.8170113  476.6  100
 2010    6  126  958.50    2.21    2.51   74.4    3.44    0.00  -999.0  -999.0  -999.0   285.2   287.2   122.1   121.3    0.430  277.6  317.2 -999.000   72.2278737   26.8170838  473.8  100
 2010    7  127  953.87    4.24    4.34   67.6    3.63    0.56  -999.0  -999.0  -999.0   283.9   296.5    92.7    92.2    0.314  280.4  319.6 -999.000   72.2277767   26.8171168  474.3  100
 2010    8  128  958.94    2.86    2.74   75.5    3.68    2.54    64.4    18.0    -5.4   180.5   186.7    59.7    59.4    0.323  281.0  316.6    2.630   72.2276913   26.8171649  473.2  100
 2010    9  129 -999.00 -999.00 -999.00 -999.0 -999.00 -999.00  -999.0  -999.0  -999.0  -999.0  -999.0  -999.0  -999.0 -999.000 -999.0 -999.0 -999.000 -999.0000000 -999.0000000 -999.0  100
 2010   10  130 -999.00 -999.00 -999.00 -999.0 -999.00 -999.00  -999.0  -999.0  -999.0  -999.0  -999.0  -999.0  -999.0 -999.000 -999.0 -999.0 -999.000 -999.0000000 -999.0000000 -999.0  100
 2010   11  131  959.95  -15.70  -10.37   50.2    0.61    3.26    68.6    28.6    -3.2    -0.1     1.9     1.4     0.8 -999.000  186.9  232.8    2.610 -999.0000000 -999.0000000 -999.0  100
 2010   12  132  963.94  -13.74  -11.29   53.0    0.69    3.79    58.5    34.6    -8.8    -1.3     0.0     0.7     0.0 -999.000  200.6  241.9    2.622 -999.0000000 -999.0000000 -999.0  100
 2011    1  133  955.51  -15.87  -10.93   48.2    0.55    3.36    65.4    28.3    -5.4    -0.7     0.3     0.7     0.2 -999.000  202.9  234.5    2.621 -999.0000000 -999.0000000 -999.0  100
 2011    2  134  944.63  -13.64  -10.84   63.0    0.94    4.05    72.9    30.2    -4.0     9.5    12.5     7.3     6.8 -999.000  217.4  245.0    2.621 -999.0000000 -999.0000000 -999.0  100
 2011    3  135  946.52  -19.51  -10.54   46.9    0.39    3.46    64.8    31.8    -3.6    71.0    72.8    46.2    42.2 -999.000  174.4  218.0    2.611 -999.0000000 -999.0000000 -999.0  100
 2011    4  136  941.64  -12.58  -11.34   68.4    1.01    2.66    66.8    19.6    -4.4   163.1   153.6   123.1   116.5    0.757  229.4  251.6    2.503   72.2272572   26.8173132  475.6  100
 2011    5  137  961.52   -3.77   -3.67   73.1    2.14    2.48    68.5    14.6   -10.3   265.2   266.0   189.5   186.7    0.718  244.4  290.4    2.522   72.2272120   26.8173253  475.3  100
 2011    6  138  964.94    2.12    2.21   68.7    3.17    2.35    56.4    15.0   -15.0   319.0   328.7   127.8   126.7    0.389  266.1  315.3    2.641   72.2271471   26.8173504  473.2  100
 2011    7  139  958.72    3.63    3.67   75.6    3.87    2.63    63.6    20.5    -2.9   270.0   277.5    82.1    81.8    0.297  287.8  319.1    2.638   72.2270472   26.8173943  472.3  100
 2011    8  140  960.79    2.53    2.52   76.5    3.62    2.43    57.0    16.7    -6.3   179.5   183.5    58.7    58.3    0.323  280.6  316.4    2.660   72.2269652   26.8174338  470.0  100
 2011    9  141  950.83   -1.64   -1.70   74.8    2.71    2.75    48.8    14.8    -9.7    83.1    86.6    39.9    36.3 -999.000  252.1  299.1    2.613   72.2269129   26.8174511  470.6  100
 2011   10  142  951.89  -10.83  -10.56   72.6    1.23    3.24    55.2    21.6    -4.5    20.7    29.8    14.9    13.6 -999.000  229.8  258.0    2.588   72.2268712   26.8174610  469.7  100
 2011   11  143  946.37  -14.17  -11.33   67.8    0.95    3.20    54.7    30.0    -2.7     0.1     1.6     1.1     0.8 -999.000  217.0  242.8    2.396 -999.0000000 -999.0000000 -999.0  100
 2011   12  144  941.29  -19.27  -11.68   57.2    0.52    3.53    56.5    37.0    -2.1    -0.9     0.0     0.4     0.0 -999.000  187.7  220.8    2.405 -999.0000000 -999.0000000 -999.0  100
 2012    1  145  945.51  -13.10  -11.89   69.0    1.00    3.52    60.6    30.3    -3.1    -0.5     0.4     0.5     0.2 -999.000  223.9  246.2    2.381 -999.0000000 -999.0000000 -999.0  100
 2012    2  146  946.48  -17.72  -12.16   54.1    0.54    3.46    59.7    37.7    -3.5     9.6    13.3     8.0     7.8 -999.000  197.0  225.2    2.322 -999.0000000 -999.0000000 -999.0  100
 2012    3  147  947.94  -14.51  -12.13   64.4    0.88    3.65    62.4    30.2    -2.9    66.6    74.4    47.8    46.2 -999.000  206.5  239.9    2.356 -999.0000000 -999.0000000 -999.0  100
 2012    4  148  961.08  -15.25  -13.61   69.2    0.76    2.26    69.4    17.3    -2.0   182.2   184.3   129.6   127.8    0.696  202.5  240.3    2.349 -999.0000000 -999.0000000 -999.0  100
 2012    5  149  962.09   -4.90   -4.63   72.3    1.97    2.51    63.2    16.1    -8.0   289.5   298.4   203.5   201.8    0.690  231.5  284.1    2.371   72.2265134   26.8175403  472.8  100
 2012    6  150  962.41    2.97    3.14   74.0    3.58    2.56    61.9    22.1    -6.0   303.5   313.7   119.4   118.8    0.379  277.2  318.3    2.623   72.2264416   26.8175757  472.8  100
 2012    7  151  957.30    3.78    3.91   74.5    3.86    3.04    61.6    29.2    -3.0   265.7   274.0    95.3    94.3    0.345  290.9  319.4    2.610   72.2263442   26.8176246  470.4  100
 2012    8  152  957.06    3.57    3.60   70.2    3.59    3.11    61.9    27.5    -8.1   164.6   176.3    65.5    65.0    0.377  281.2  318.0    2.688   72.2262596   26.8176724  470.0  100
 2012    9  153  951.46   -2.53   -2.70   66.7    2.17    2.66    61.9    13.4   -15.0    80.7    72.7    38.4    38.1 -999.000  238.5  294.7    2.587   72.2261816   26.8176771  469.1  100
 2012   10  154  961.90   -9.29   -9.55   66.1    1.25    3.04    65.6    22.0    -6.3    15.8    22.2    13.3    13.4 -999.000  224.4  262.1    2.604   72.2261409   26.8176895  469.3  100
 2012   11  155  955.05  -15.29  -15.57   60.6    0.67    3.31    68.6    24.7    -4.7    -1.5     1.3     1.0     0.8 -999.000  193.8  237.8    2.628 -999.0000000 -999.0000000 -999.0  100
 2012   12  156  959.67  -17.51  -17.75   66.0    0.63    3.29    71.1    23.5    -2.8    -2.3     0.0     0.5     0.0 -999.000  190.2  231.2    2.627 -999.0000000 -999.0000000 -999.0  100
 2013    1  157  952.32  -17.71  -17.94   68.1    0.62    3.52    74.0    30.2    -2.4    -1.7     0.2     0.5     0.2 -999.000  199.1  229.6    2.565 -999.0000000 -999.0000000 -999.0  100
 2013    2  158  957.30  -18.50  -18.69   74.5    0.68    2.45  -999.0    22.8    -1.6     4.6    10.6     7.9     7.3 -999.000  208.7  228.5    2.505 -999.0000000 -999.0000000 -999.0  100
 2013    3  159  972.76  -18.35  -18.44   62.3    0.52    3.43    72.1    33.6    -3.0    61.8    72.3    51.8    51.1 -999.000  183.6  223.7    2.518 -999.0000000 -999.0000000 -999.0  100
 2013    4  160  958.48  -13.85  -13.71   59.0    0.72    2.99    72.2    24.1    -6.6   169.4   182.0   133.1   130.7    0.722  193.2  243.1    2.543 -999.0000000 -999.0000000 -999.0  100
 2013    5  161  959.61   -4.21   -3.91   66.3    1.86    2.71    75.2     8.4   -16.7   261.8   273.1   186.0   185.3    0.687  243.3  290.9    2.609   72.2256891   26.8177839  471.0  100
 2013    6  162  953.36    3.55    3.66   64.7    3.30    3.19    72.0    29.2   -14.1   336.0   350.8   144.1   143.3    0.415  269.8  319.8    2.604   72.2256000   26.8177874  469.4  100
 2013    7  163  954.42    4.09    4.06   67.7    3.59    3.09    71.7    28.5    -9.4   271.1   276.4    97.4    91.3    0.332  289.1  321.0    2.631   72.2255081   26.8178190  465.7  100
 2013    8  164  949.92    2.75    2.60   71.6    3.48    2.91    68.3    19.8   -10.8   182.0   173.1    64.8    58.0    0.358  286.2  318.4    2.626   72.2254271   26.8178345  465.1  100
 2013    9  165  952.06   -2.62   -2.79   71.6    2.41    2.80    70.2    14.0   -10.8    85.3    70.7    52.3    48.9 -999.000  264.5  295.5    2.600   72.2253544   26.8178452  463.7  100
 2013   10  166  957.05  -12.42  -12.68   68.9    1.00    3.24    74.6    24.6    -4.7    23.1    23.3    16.8    18.4 -999.000  215.6  250.4    2.546   72.2252907   26.8178469  465.5  100
 2013   11  167  948.55  -19.36  -19.59   57.6    0.43    3.65    72.8    31.5    -3.8    -1.6     1.4     1.2     1.1 -999.000  178.9  221.6    2.558 -999.0000000 -999.0000000 -999.0  100
 2013   12  168  944.09  -14.63  -14.88   63.1    0.91    4.27    79.5    28.9    -6.6    -2.0     0.0     0.2     0.0 -999.000  211.3  242.7    2.611 -999.0000000 -999.0000000 -999.0  100
 2014    1  169  954.62  -11.48  -11.76   63.6    1.06    4.34    76.5    34.1    -7.9    -1.8     0.3     0.4     0.2 -999.000  220.9  253.3    2.591 -999.0000000 -999.0000000 -999.0  100
 2014    2  170  951.07  -15.90  -16.14   57.1    0.61    4.43    77.5    44.3    -6.2    10.3    13.8     7.8     8.4 -999.000  188.2  233.3    2.563 -999.0000000 -999.0000000 -999.0  100
 2014    3  171  948.70  -16.97  -17.10   63.7    0.66    3.53    78.8    28.0    -4.5    66.6    68.9    48.7    39.3 -999.000  205.1  233.0    2.536 -999.0000000 -999.0000000 -999.0  100
 2014    4  172  955.83  -13.16  -13.03   63.3    0.88    2.68    78.7    17.9    -6.3   179.6   148.4   126.5    95.4    0.645  211.3  249.9    2.529 -999.0000000 -999.0000000 -999.0  100
 2014    5  173  961.02   -4.55   -4.28   64.0    1.74    2.65    72.2    12.2   -20.3   294.3   267.6   201.1   173.6    0.635  238.7  288.6    2.532   72.2248928   26.8179131  467.0  100
 2014    6  174  960.80    2.77    2.92   68.7    3.30    2.72    75.9    20.4   -11.6   332.1   342.9   142.2   139.5    0.406  272.0  318.8    2.624   72.2248115   26.8179349  467.7  100
 2014    7  175  957.54    3.45    3.45   74.1    3.74    2.63    70.0    22.7    -4.6   246.0   251.5    92.6    89.7    0.361  291.2  320.4    2.624   72.2247052   26.8179638  464.6  100
 2014    8  176  958.87    3.04    2.89   66.7    3.28    3.20     8.9    26.1   -15.7   166.4   175.7    60.7    60.2    0.349  279.4  318.2    2.657   72.2246165   26.8178776  463.8  100
 2014    9  177  951.70   -2.92   -3.12   69.2    2.28    2.70   349.3    12.5   -13.7    70.4    89.4    44.5    40.8 -999.000  259.1  295.1    2.538   72.2245425   26.8178435  464.3  100
 2014   10  178  955.40   -8.75   -9.00   62.5    1.21    3.91   356.1    30.9   -12.2    16.6    24.2    15.8    12.3 -999.000  228.6  265.2    2.470   72.2244969   26.8178545  462.6  100
 2014   11  179  954.08  -12.49  -12.76   65.3    1.05    3.47   354.8    27.0    -5.3    -0.6     1.8     1.1     1.0 -999.000  220.9  250.5    2.498 -999.0000000 -999.0000000 -999.0  100
 2014   12  180  947.13  -17.64  -17.87   64.5    0.68    3.82   357.4    29.2    -4.9    -1.7     0.0     0.3     0.0 -999.000  202.9  230.0    2.473 -999.0000000 -999.0000000 -999.0  100
 2015    1  181  943.09  -14.43  -14.66   65.9    0.89    4.48   357.2    36.3    -6.8    -1.2     0.2     0.4     0.2 -999.000  217.3  242.0    2.333 -999.0000000 -999.0000000 -999.0  100
 2015    2  182  943.59  -21.48  -21.67   53.3    0.39    4.01   350.5    44.8    -5.1     6.9    12.1     8.3     8.6 -999.000  178.3  212.9    2.331 -999.0000000 -999.0000000 -999.0  100
 2015    3  183  943.82  -15.39  -15.53   61.6    0.67    3.55   354.8    31.2    -6.5    52.3    65.6    49.4    49.1 -999.000  208.3  237.6    2.279 -999.0000000 -999.0000000 -999.0  100
 2015    4  184  953.91  -11.90  -11.83   57.7    0.89    3.12   353.6    24.2   -10.0   153.7   165.5   130.7   130.0    0.793  210.2  252.8    2.295   72.2241495   26.8178545  464.2  100
 2015    5  185  957.69   -7.25   -6.76   73.6    1.69    1.63     5.1     3.1    -8.8   260.2   267.8   200.4   199.7    0.749  234.6  280.7    2.332   72.2240996   26.8178910  465.3  100
 2015    6  186  959.25    2.77    2.95   64.1    3.09    2.74   349.1    21.5   -15.1   338.0   339.9   145.7   144.4    0.427  271.4  318.8    2.614   72.2240306   26.8178978  465.4  100
 2015    7  187  965.02    4.11    4.03   71.3    3.73    3.07   355.2    32.1    -6.0   230.1   228.5    79.2    78.2    0.349  299.2  320.9    2.565   72.2239248   26.8179358  464.3  100
 2015    8  188  958.61    2.60    2.48   72.8    3.49    3.09   354.1    24.6    -9.1   130.4   134.1    59.2    59.1    0.452  297.0  317.2    2.467   72.2238636   26.8179515  462.6  100
 2015    9  189  955.96   -2.81   -2.94   73.5    2.39    2.43   355.4    14.5   -10.6    67.7    86.3    60.0    51.7 -999.000  266.3  295.2    2.348   72.2237904   26.8179767  461.4  100
 2015   10  190  952.04  -10.74  -11.00   62.4    1.18    3.80   359.9    34.4    -7.2    17.2    27.0    18.0    16.5 -999.000  222.2  255.4    2.177   72.2237235   26.8179700  459.6  100
 2015   11  191  946.87  -13.97  -14.21   60.6    0.85    4.07   358.1    40.2    -6.9    -0.8     1.3     1.2     0.8 -999.000  212.1  242.6    2.051 -999.0000000 -999.0000000 -999.0  100
 2015   12  192  946.51  -18.66  -18.89   56.2    0.51    4.06   358.4    39.8    -5.7    -1.9     0.0     0.3     0.0 -999.000  191.3  224.7    2.099 -999.0000000 -999.0000000 -999.0  100
 2016    1  193  952.40  -14.60  -14.84   63.3    0.79    3.92     2.2    38.6    -5.6    -1.5     0.3     0.5     0.2 -999.000  209.6  239.6    2.096 -999.0000000 -999.0000000 -999.0  100
 2016    2  194  953.75  -17.81  -18.02   57.5    0.53    4.23     3.2    43.3    -6.8     7.7    12.8     8.8     9.4 -999.000  189.9  227.1    2.112 -999.0000000 -999.0000000 -999.0  100
 2016    3  195  951.01  -16.33  -16.46   62.9    0.64    3.53     3.8    31.2    -6.4    52.4    65.8    50.0    49.8 -999.000  202.0  235.3    2.103 -999.0000000 -999.0000000 -999.0  100
 2016    4  196  964.42   -9.61   -9.55   60.5    1.10    3.08     2.9    26.5   -14.7   151.0   167.2   129.2   127.9    0.757  221.1  263.3    2.098   72.2234013   26.8179619  461.0  100
 2016    5  197  958.56   -1.39   -1.22   66.6    2.30    2.70    10.3    10.9   -25.1   231.3   238.6   157.9   157.4    0.669  265.9  305.4    2.253   72.2233595   26.8179727  463.2  100
 2016    6  198  958.53    3.40    3.51   61.6    3.11    3.04   357.1    26.1   -17.9   333.7   334.9   151.6   150.8    0.456  272.9  319.8    2.606   72.2232767   26.8179901  462.8  100
 2016    7  199  961.54    4.60    4.50   64.4    3.52    3.76   346.0    40.8   -12.7   286.2   283.5    98.2    97.4    0.344  291.7  321.3    2.599   72.2231705   26.8180309  460.1  100
 2016    8  200  956.77    3.66    3.50   62.1    3.19    3.70   346.7    35.5   -21.2   189.8   186.9    65.3    65.2    0.349  275.7  319.2    2.485   72.2230863   26.8180635  459.6  100
 2016    9  201  951.67   -1.18   -1.42   62.4    2.30    3.10   350.7    16.6   -21.5    75.3    74.5    37.3    37.6 -999.000  258.9  301.1    2.492   72.2230233   26.8180648  458.7  100
 2016   10  202  958.17   -4.55   -4.83   70.5    1.94    3.49     0.3    21.7   -12.1    16.4    23.2    15.4    14.9 -999.000  264.7  285.4    2.469   72.2229686   26.8180685  459.6  100
 2016   11  203  951.83  -10.08  -10.36   62.5    1.17    4.27   356.6    31.7   -10.9    -0.6     1.2     1.0     0.8 -999.000  231.8  259.8    2.516 -999.0000000 -999.0000000 -999.0  100
 2016   12  204  944.68  -15.15  -15.40   62.5    0.75    3.84     1.2    32.2    -5.7    -1.7     0.0     0.3     0.0 -999.000  211.0  239.6    2.522 -999.0000000 -999.0000000 -999.0  100
 2017    1  205  950.37  -20.39  -20.65   58.3    0.42    3.65     4.5    33.3    -3.9    -1.7     0.2     0.5     0.2 -999.000  190.0  218.3    2.540 -999.0000000 -999.0000000 -999.0  100
 2017    2  206  951.33  -15.52  -15.76   68.7    0.85    3.56     7.9    26.5    -5.0     6.6     9.8     7.9     7.7 -999.000  224.1  239.2    2.504 -999.0000000 -999.0000000 -999.0  100
 2017    3  207  951.61  -18.03  -18.17   54.8    0.48    3.66     7.1    38.4    -4.4    59.9    67.0    54.1    54.0 -999.000  190.8  224.9    2.487 -999.0000000 -999.0000000 -999.0  100
 2017    4  208  961.34  -13.90  -13.81   55.9    0.71    2.92     0.7    24.2    -6.3   172.5   173.4   134.7   135.5    0.786  201.4  244.3    2.477   72.2226290   26.8180736  458.7  100
 2017    5  209  967.29   -1.89   -1.63   69.3    2.32    2.46     7.2    10.2   -15.6   254.7   257.3   168.9   168.9    0.661  259.5  302.6    2.503   72.2225880   26.8180709  460.1  100
 2017    6  210  957.13    2.16    2.36   69.4    3.18    1.98   356.5    13.1   -10.0   297.8   301.2   123.6   123.2    0.429  274.8  318.6    2.493   72.2225039   26.8180810  460.3  100
 2017    7  211  954.78    3.82    3.79   64.3    3.34    3.56   352.6    37.7   -17.0   268.4   273.0    97.3    96.8    0.357  282.5  320.3    2.619   72.2224060   26.8180942  458.8  100
 2017    8  212  955.86    3.36    3.58   66.5    3.34    3.92   349.9    36.0   -18.3   177.7   175.5    69.8    69.7    0.404  273.4  318.2    2.671 -999.0000000 -999.0000000 -999.0  100
 2017    9  213  955.31   -0.44   -0.16   80.1    3.05    3.15   349.4    14.4   -14.8    68.7    70.9    42.5    41.5 -999.000  278.6  307.2    2.577 -999.0000000 -999.0000000 -999.0  100
 2017   10  214  953.85   -4.64   -4.44   71.1    2.01    4.42   352.2    32.3   -14.2    18.8    22.7    16.3    16.4 -999.000  254.8  283.4    2.552 -999.0000000 -999.0000000 -999.0  100
 2017   11  215  959.90  -13.04  -12.83   71.5    1.00    4.28   346.7    34.4    -4.5    -0.6     1.0     1.0     0.7 -999.000  213.7  247.9    2.604 -999.0000000 -999.0000000 -999.0  100
 2017   12  216  954.14  -16.38  -16.17   65.1    0.65    4.51   350.1    50.7    -1.8    -1.8     0.0     0.2     0.0 -999.000  192.8  230.3    2.595 -999.0000000 -999.0000000 -999.0  100
 2018    1  217  951.42  -15.45  -15.22   72.3    0.88    4.43   355.4    37.8    -3.2    -1.1     0.2     0.4     0.2 -999.000  211.1  237.9    2.602 -999.0000000 -999.0000000 -999.0  100
 2018    2  218  948.03  -11.37  -11.12   80.4    1.47    4.76   359.3    30.6    -1.8     8.1     9.3     7.6     7.7 -999.000  240.8  257.1    2.609 -999.0000000 -999.0000000 -999.0  100
 2018    3  219  964.52  -15.74  -15.37   67.4    0.73    4.16   356.6    37.7    -2.8    69.2    59.6    49.8    49.5 -999.000  196.3  234.4    2.606 -999.0000000 -999.0000000 -999.0  100
 2018    4  220  957.88  -11.00  -10.36   67.2    1.11    3.33   353.1    25.3    -6.8   177.6   164.3   125.6   125.4    0.768  210.9  257.0    2.617 -999.0000000 -999.0000000 -999.0  100
 2018    5  221  949.24   -3.04   -2.23   70.6    2.22    3.44   356.8    13.8   -18.2   247.9   241.5   180.1   179.8    0.761  256.1  296.6    2.620 -999.0000000 -999.0000000 -999.0  100
 2018    6  222  954.70    0.91    1.67   79.1    3.30    2.17   353.0    10.1   -12.2   290.6   288.9   139.2   138.0    0.477  275.1  315.3    2.499 -999.0000000 -999.0000000 -999.0  100
 2018    7  223  952.71    3.46    3.93   74.5    3.78    2.84   348.3    23.8    -9.4   246.9   245.4    86.5    86.2    0.353  284.7  319.7    2.499 -999.0000000 -999.0000000 -999.0  100
 2018    8  224  953.40    2.89    3.24   73.9    3.67    3.54   342.2    27.2   -10.3   177.1   171.2    72.3    72.4    0.428  273.7  317.3    2.709 -999.0000000 -999.0000000 -999.0  100
 2018    9  225  955.34   -2.96   -2.68   70.6    2.43    3.62   336.4    20.3   -15.3    71.3    74.0    40.1    40.6 -999.000  245.9  293.7    2.518 -999.0000000 -999.0000000 -999.0  100
 2018   10  226  950.44   -9.76   -9.51   72.5    1.37    3.86   338.3    26.9    -5.3    17.3    22.7    14.5    14.5 -999.000  231.0  262.4    2.545 -999.0000000 -999.0000000 -999.0  100
 2018   11  227  960.46  -10.94  -10.76   67.5    1.14    4.38   341.2    40.8    -5.6    -0.8     1.3     1.2     0.9 -999.000  218.6  253.8    2.541 -999.0000000 -999.0000000 -999.0  100
 2018   12  228  953.45  -16.52  -16.30   72.2    0.74    3.90   344.9    39.3    -1.9    -1.7     0.0     0.3     0.0 -999.000  201.2  233.4    2.577 -999.0000000 -999.0000000 -999.0  100
 2019    1  229  955.11  -17.52  -17.30   70.9    0.76    4.28   348.2    40.1    -1.5    -1.1     0.2     0.4     0.2 -999.000  201.0  229.2    2.534 -999.0000000 -999.0000000 -999.0  100
 2019    2  230  954.49  -18.95  -18.70   67.3    0.54    4.39   347.5    49.2    -2.1     6.0     8.9     7.3     7.2 -999.000  184.1  220.9    2.554 -999.0000000 -999.0000000 -999.0  100
 2019    3  231  946.68  -21.21  -20.79   69.3    0.42    3.20   353.8    29.0    -1.1    51.8    59.4    49.9    50.3 -999.000  186.5  214.8    2.524 -999.0000000 -999.0000000 -999.0  100
 2019    4  232  961.75   -5.75   -5.20   68.7    1.83    3.58   351.1    32.3    -9.4   139.3   141.3   119.3   120.0    0.853  242.7  277.1    2.464 -999.0000000 -999.0000000 -999.0  100
 2019    5  233  969.95   -2.63   -1.76   82.8    2.59    1.80   343.4     5.9    -8.6   240.5   240.5   172.6   172.8    0.725  259.9  300.7    2.476 -999.0000000 -999.0000000 -999.0  100
 2019    6  234  963.87    4.06    4.63   65.5    3.45    3.48   339.3    37.6   -11.7   312.4   311.2   135.1   134.3    0.432  274.2  319.5    2.548 -999.0000000 -999.0000000 -999.0  100
 2019    7  235  963.97    4.79    5.16   73.9    4.08    4.25   318.4    51.1    -0.9   238.9   235.2    86.6    86.7    0.373  296.6  321.3    2.660 -999.0000000 -999.0000000 -999.0  100
 2019    8  236  961.10    3.73    4.08   70.2    3.64    3.79   313.1    36.1   -12.7   161.6   152.6    71.3    72.2    0.481  281.1  319.0    2.682 -999.0000000 -999.0000000 -999.0  100
 2019    9  237  957.24   -1.62   -1.31   72.7    2.61    3.38   311.6    17.4   -14.6    69.9    65.5    43.3    43.7 -999.000  258.8  299.8    2.696 -999.0000000 -999.0000000 -999.0  100
 2019   10  238  961.78   -7.66   -7.43   66.7    1.48    4.03   314.1    29.2    -9.6    16.0    14.8    10.3    10.4 -999.000  221.9  270.1    2.702 -999.0000000 -999.0000000 -999.0  100
 2019   11  239  960.13  -13.18  -12.95   74.5    0.95    3.61   318.3    27.3    -3.5    -0.9     0.8     0.8     0.6 -999.000  212.8  248.3    2.684 -999.0000000 -999.0000000 -999.0  100
 2019   12  240  951.21  -16.37  -16.15   65.1    0.68    4.56   316.6    41.0    -4.2    -2.1     0.0     0.0     0.0 -999.000  188.2  233.5    2.675 -999.0000000 -999.0000000 -999.0  100
 2020    1  241  939.95  -14.50  -14.28   71.1    0.88    4.63   317.1    32.1    -4.5    -1.2     0.1     0.2     0.1 -999.000  216.8  242.8    2.688 -999.0000000 -999.0000000 -999.0  100
 2020    2  242  942.43  -20.13  -19.85   65.6    0.53    4.77   318.2    46.8    -3.4     6.9     8.9     8.0     8.0 -999.000  183.4  220.3    2.685 -999.0000000 -999.0000000 -999.0  100
 2020    3  243  952.23  -19.60  -19.22   59.7    0.44    4.56   312.9    49.2    -6.0    58.5    58.5    50.6    53.4 -999.000  173.4  220.7    2.681 -999.0000000 -999.0000000 -999.0  100
 2020    4  244  959.85   -5.91   -5.47   51.3    1.37    4.25   317.8    33.2   -24.8   156.3   145.4   100.0   101.2    0.718  223.4  276.5    2.707 -999.0000000 -999.0000000 -999.0  100
 2020    5  245  959.38   -1.74   -1.09   70.6    2.47    2.32   311.9     4.3   -21.7   228.5   223.6   123.5   123.9    0.556  254.3  305.0    2.693 -999.0000000 -999.0000000 -999.0  100
 2020    6  246  961.52    3.09    3.63   71.0    3.47    3.04   316.3    25.4   -11.4   271.6   269.5   123.6   123.0    0.455  284.0  318.2    2.627 -999.0000000 -999.0000000 -999.0  100
 2020    7  247  958.80    4.04    4.34   82.9    4.36    2.86   331.3    27.1    -0.3   209.5   205.7    72.5    72.2    0.350  305.8  320.5    2.628 -999.0000000 -999.0000000 -999.0  100
 2020    8  248  955.95    3.70    3.76   76.6    3.97    3.80     2.1  -999.0  -999.0   147.9   142.6    63.3    63.2    0.440  282.0  317.7    2.625 -999.0000000 -999.0000000 -999.0 -999
 2020    9  249  952.93   -4.90   -4.86   68.2    1.89    3.60   355.4  -999.0  -999.0    81.6    78.7    41.3    39.4 -999.000  233.6  284.9    2.433 -999.0000000 -999.0000000 -999.0 -999
 2020   10  250  961.55   -8.01   -8.03   80.3    2.01    3.75     7.9  -999.0  -999.0    16.6    25.3    14.2    14.7 -999.000  237.1  269.0    2.409 -999.0000000 -999.0000000 -999.0 -999
 2020   11  251  946.17  -13.35  -13.40   66.0 -999.00    4.90     2.6  -999.0  -999.0    -1.1  -999.0     1.0  -999.0 -999.000  196.5  243.8    2.382 -999.0000000 -999.0000000 -999.0 -999
 2020   12  252  959.06  -15.33  -15.37   67.7 -999.00    4.95     9.8  -999.0  -999.0    -1.9  -999.0     0.4  -999.0 -999.000  186.8  235.2    2.381 -999.0000000 -999.0000000 -999.0 -999
 2021    1  253  963.10  -16.19  -16.23   66.4 -999.00    4.70     7.0  -999.0  -999.0    -1.5  -999.0     0.5  -999.0 -999.000  186.9  231.8    2.365 -999.0000000 -999.0000000 -999.0 -999
 2021    2  254  959.07  -13.80  -13.81   75.7 -999.00    4.84     6.9  -999.0  -999.0     8.8  -999.0     7.1  -999.0 -999.000  211.5  244.3    2.468 -999.0000000 -999.0000000 -999.0 -999
 2021    3  255  952.32  -16.13  -16.06   70.8 -999.00    3.69   359.9  -999.0  -999.0    65.9  -999.0    46.5  -999.0 -999.000  195.9  234.2    2.468 -999.0000000 -999.0000000 -999.0 -999
 2021    4  256  967.30   -9.25   -9.03   58.1 -999.00    4.07   356.9  -999.0  -999.0   175.5  -999.0   108.2  -999.0 -999.000  205.4  262.8    2.492 -999.0000000 -999.0000000 -999.0 -999
 2021    5  257  966.22   -2.17   -1.72   78.2    2.55    2.41     4.5  -999.0  -999.0   264.7   260.8   136.7   136.3    0.535  247.8  301.8    2.641 -999.0000000 -999.0000000 -999.0 -999
 2021    6  258  954.96    3.45    3.75   68.6    3.47    3.06     2.1  -999.0  -999.0   274.2   274.4   126.3   126.0    0.459  280.2  318.1    2.560 -999.0000000 -999.0000000 -999.0 -999
 2021    7  259  955.61    4.83    4.99   73.5    4.08    3.97   359.1  -999.0  -999.0   229.1   230.0    84.3    84.5    0.375  293.6  320.2    2.589 -999.0000000 -999.0000000 -999.0 -999
 2021    8  260  958.27    4.29    4.39   74.6    4.00    4.08   355.8  -999.0  -999.0   189.6   179.7    70.8    71.4    0.408  278.8  319.1    2.559 -999.0000000 -999.0000000 -999.0 -999
 2021    9  261  956.36   -1.57   -1.51   70.6    2.50    4.10   354.1  -999.0  -999.0    75.2  -999.0    46.3  -999.0 -999.000  263.1  298.5    2.700 -999.0000000 -999.0000000 -999.0 -999
 2021   10  262  962.29   -8.77   -8.79   63.5    1.30    4.98   357.4  -999.0  -999.0    23.3  -999.0    14.4  -999.0 -999.000  210.3  263.1    2.668 -999.0000000 -999.0000000 -999.0 -999
 2021   11  263  956.73  -14.01  -14.05   75.1 -999.00    4.08     2.6  -999.0  -999.0    -0.5  -999.0     0.9  -999.0 -999.000  208.7  243.6    2.398 -999.0000000 -999.0000000 -999.0 -999
 2021   12  264  956.55  -12.02  -12.06   71.9 -999.00    4.28     7.8  -999.0  -999.0    -1.5  -999.0     0.3  -999.0 -999.000  210.9  247.9    2.410 -999.0000000 -999.0000000 -999.0 -999
 2022    1  265 -999.00 -999.00 -999.00 -999.0 -999.00 -999.00  -999.0  -999.0  -999.0  -999.0  -999.0  -999.0  -999.0 -999.000 -999.0 -999.0 -999.000 -999.0000000 -999.0000000 -999.0 -999
