 Year MonthOfYear MonthOfCentury AirPressure(hPa) AirTemperature(C) AirTemperatureHygroClip(C) RelativeHumidity(%) SpecificHumidity(g/kg) WindSpeed(m/s) WindDirection(d) SensibleHeatFlux(W/m2) LatentHeatFlux(W/m2) ShortwaveRadiationDown(W/m2) ShortwaveRadiationDown_Cor(W/m2) ShortwaveRadiationUp(W/m2) ShortwaveRadiationUp_Cor(W/m2) Albedo_theta<70d LongwaveRadiationDown(W/m2) LongwaveRadiationUp(W/m2) HeightSensorBoom(m) LatitudeGPS_HDOP<1(degN) LongitudeGPS_HDOP<1(degW) ElevationGPS_HDOP<1(m) FanOK(%)
 2008    7  103 -999.00 -999.00 -999.00 -999.0 -999.00 -999.00  -999.0  -999.0  -999.0  -999.0  -999.0  -999.0  -999.0 -999.000 -999.0 -999.0 -999.000 -999.0000000 -999.0000000 -999.0  100
 2008    8  104  896.02    1.60    0.39   75.9    3.62    3.42   281.7    19.4   -11.4   161.5   173.3    71.2    70.9    0.448  272.0  313.7    2.605   72.3943718   27.2640587  993.8  100
 2008    9  105  890.95   -4.55   -5.85   78.4    2.48    3.95   288.9    23.1    -7.0    83.7    95.7    58.2    58.2 -999.000  246.5  286.7    2.565   72.3943659   27.2637789  992.8  100
 2008   10  106  888.87  -14.66  -16.13   70.4    0.92    5.56   285.9    44.6    -4.0    20.4    26.5    18.1    18.3 -999.000  193.5  241.3    2.487   72.3943612   27.2635126  991.9  100
 2008   11  107  891.35  -19.83  -21.32   75.8    0.62    5.18   285.4    39.9    -1.2     0.0     1.5     1.3     1.0 -999.000  180.2  223.1    2.470   72.3943620   27.2632191  990.2   96
 2008   12  108  885.04  -16.47  -18.00   76.5    0.85    5.06   286.6    39.5    -1.3    -0.8     0.0     0.4     0.0 -999.000  199.0  234.8    2.447   72.3943683   27.2631132  990.5 -999
 2009    1  109  884.35  -17.34  -18.87   77.6    0.85    5.52   290.2    46.3    -0.4    -0.6     0.3     0.6     0.2 -999.000  192.2  231.7    2.316   72.3943683   27.2631132  990.5 -999
 2009    2  110  893.67  -21.55  -23.08   74.4    0.51    5.39   288.5    53.4     0.0     6.5    10.3     7.0     7.5 -999.000  168.8  214.3    2.299   72.3943683   27.2631132  990.5 -999
 2009    3  111  892.50  -21.28  -22.66   71.6    0.49    5.53   286.9    46.8    -1.5    68.1    78.3    58.4    58.2 -999.000  167.0  216.4    2.299   72.3943683   27.2631132  990.5 -999
 2009    4  112  895.84  -16.57  -17.73   69.8    0.75    4.15   292.1    32.8    -2.5   169.4   183.7   142.6   141.9    0.780  189.4  234.0    2.242   72.3943683   27.2631132  990.5 -999
 2009    5  113  894.00   -3.61   -4.52   64.8    2.08    4.33   290.3    31.1   -15.7   290.2   303.4   228.3   227.4    0.755  225.6  286.3    2.197   72.3943683   27.2631132  990.5 -999
 2009    6  114  901.33    1.04    0.20   64.4    2.89    3.58   280.3    19.3   -21.1   333.8   344.0   224.0   223.4    0.649  244.8  307.9    2.441   72.3943683   27.2631132  990.5 -999
 2009    7  115  904.61    3.29    2.22   72.1    3.82    4.48   283.9    40.2   -11.3   264.5   270.5   108.4   107.9    0.416  276.2  316.5    2.570   72.3943683   27.2631132  990.5 -999
 2009    8  116  899.39    0.67   -0.49   71.7    3.22    4.30   296.4    21.8   -21.0   162.0   166.0    76.6    76.3    0.472  264.8  309.2    2.617   72.3943683   27.2631132  990.5 -999
 2009    9  117  887.49   -8.05   -9.34   70.3    1.60    4.85   302.7    25.4   -13.2   104.5   113.7    63.2    62.6 -999.000  216.3  270.9    2.685   72.3943683   27.2631132  990.5 -999
 2009   10  118  897.35  -15.54  -16.98   68.2    0.80    5.82   303.1    46.1    -4.7    24.6    29.9    16.6    16.4 -999.000  181.2  237.7    2.668   72.3943683   27.2631132  990.5 -999
 2009   11  119 -999.00 -999.00 -999.00 -999.0 -999.00 -999.00  -999.0  -999.0  -999.0  -999.0  -999.0  -999.0  -999.0 -999.000 -999.0 -999.0 -999.000 -999.0000000 -999.0000000 -999.0 -999
 2009   12  120 -999.00 -999.00 -999.00 -999.0 -999.00 -999.00  -999.0  -999.0  -999.0  -999.0  -999.0  -999.0  -999.0 -999.000 -999.0 -999.0 -999.000 -999.0000000 -999.0000000 -999.0 -999
 2010    1  121 -999.00 -999.00 -999.00 -999.0 -999.00 -999.00  -999.0  -999.0  -999.0  -999.0  -999.0  -999.0  -999.0 -999.000 -999.0 -999.0 -999.000 -999.0000000 -999.0000000 -999.0 -999
 2010    2  122 -999.00 -999.00 -999.00 -999.0 -999.00 -999.00  -999.0  -999.0  -999.0  -999.0  -999.0  -999.0  -999.0 -999.000 -999.0 -999.0 -999.000 -999.0000000 -999.0000000 -999.0 -999
 2010    3  123 -999.00 -999.00 -999.00 -999.0 -999.00 -999.00  -999.0  -999.0  -999.0  -999.0  -999.0  -999.0  -999.0 -999.000 -999.0 -999.0 -999.000 -999.0000000 -999.0000000 -999.0 -999
 2010    4  124 -999.00 -999.00 -999.00 -999.0 -999.00 -999.00  -999.0  -999.0  -999.0  -999.0  -999.0  -999.0  -999.0 -999.000 -999.0 -999.0 -999.000 -999.0000000 -999.0000000 -999.0 -999
 2010    5  125 -999.00 -999.00 -999.00 -999.0 -999.00 -999.00  -999.0  -999.0  -999.0  -999.0  -999.0  -999.0  -999.0 -999.000 -999.0 -999.0 -999.000 -999.0000000 -999.0000000 -999.0 -999
 2010    6  126 -999.00 -999.00 -999.00 -999.0 -999.00 -999.00  -999.0  -999.0  -999.0  -999.0  -999.0  -999.0  -999.0 -999.000 -999.0 -999.0 -999.000 -999.0000000 -999.0000000 -999.0 -999
 2010    7  127 -999.00 -999.00 -999.00 -999.0 -999.00 -999.00  -999.0  -999.0  -999.0  -999.0  -999.0  -999.0  -999.0 -999.000 -999.0 -999.0 -999.000 -999.0000000 -999.0000000 -999.0  100
 2010    8  128  900.97    1.47    1.65   74.1    3.51    3.54   306.5    20.6   -13.9   180.3   193.5    87.4    87.1    0.457  259.5  313.1    2.469   72.3942105   27.2573331  988.4  100
 2010    9  129 -999.00 -999.00 -999.00 -999.0 -999.00 -999.00  -999.0  -999.0  -999.0  -999.0  -999.0  -999.0  -999.0 -999.000 -999.0 -999.0 -999.000 -999.0000000 -999.0000000 -999.0  100
 2010   10  130 -999.00 -999.00 -999.00 -999.0 -999.00 -999.00  -999.0  -999.0  -999.0  -999.0  -999.0  -999.0  -999.0 -999.000 -999.0 -999.0 -999.000 -999.0000000 -999.0000000 -999.0  100
 2010   11  131  898.74  -15.89  -15.93   65.3    0.80    5.33   319.0    43.5    -5.4    -0.4     1.9     1.5     0.9 -999.000  176.8  235.7    2.356   72.3941879   27.2565578  989.3  100
 2010   12  132  902.38  -15.70  -15.74   68.0    0.76    5.24   311.6    36.5    -6.9    -1.4     0.0     0.7     0.0 -999.000  183.0  238.0    2.371   72.3941955   27.2563384  988.4  100
 2011    1  133  893.83  -18.57  -18.59   69.7    0.62    5.18   312.8    35.4    -4.9    -0.8     0.2     0.6     0.2 -999.000  186.1  227.9    2.379   72.3941717   27.2559644  988.7  100
 2011    2  134  884.12  -17.09  -17.08   77.5    0.84    5.41   313.5    32.9    -1.8     6.8    10.3     6.8     7.5 -999.000  201.6  235.3    2.381 -999.0000000 -999.0000000 -999.0  100
 2011    3  135  884.36  -22.40  -22.31   70.3    0.46    6.17   303.5    41.5    -3.7    65.6    75.6    60.4    60.5 -999.000  158.1  215.1    2.376 -999.0000000 -999.0000000 -999.0  100
 2011    4  136  881.12  -15.31  -15.14   74.8    0.90    4.64   313.7    22.3    -6.4   162.5   174.3   139.9   139.5 -999.000  203.3  244.2    2.360   72.3941416   27.2552189  986.6  100
 2011    5  137  901.55   -6.99   -6.73   71.3    1.72    4.66   315.5    21.6   -17.0   283.3   298.5   233.1   232.5    0.779  218.2  277.9    2.364   72.3941392   27.2549462  987.6  100
 2011    6  138  906.23    0.09    0.37   69.9    3.06    4.24   311.5    23.8   -22.6   333.6   342.4   195.7   195.0    0.567  242.7  307.9    2.394   72.3941318   27.2546704  987.7  100
 2011    7  139  901.23    2.86    3.07   75.1    3.89    3.90   311.4    30.2   -10.1   286.0   288.7   119.1   118.7    0.411  265.0  318.0    2.375   72.3941193   27.2543333  986.9  100
 2011    8  140  902.60    1.00    1.19   74.2    3.38    3.67   308.2    19.3   -17.3   202.7   206.7    91.9    91.4    0.451  256.5  312.4    2.527   72.3941036   27.2540220  985.1  100
 2011    9  141  892.32   -4.35   -4.25   71.7    2.23    4.31   312.6    19.0   -17.9    96.6   102.8    54.9    51.0 -999.000  233.2  288.6    2.547   72.3940962   27.2537545  983.0  100
 2011   10  142  891.29  -14.47  -14.44   78.0    1.01    4.93   316.1    24.7    -4.5    21.4    30.5    17.4    16.4 -999.000  210.2  246.8    2.560   72.3940910   27.2535029  983.6  100
 2011   11  143  885.76  -16.13  -16.14   76.8    0.93    5.23   317.2    37.5    -2.9     0.0     1.4     1.2     0.8 -999.000  201.6  238.3    2.428   72.3940691   27.2532687  981.0  100
 2011   12  144  880.04  -21.60  -21.59   74.8    0.53    5.84   315.7    41.5    -2.0    -1.0     0.0     0.4     0.0 -999.000  175.1  218.0    2.453 -999.0000000 -999.0000000 -999.0  100
 2012    1  145  885.15  -15.95  -15.95   76.9    0.89    5.59   313.4    38.6    -2.5    -0.7     0.2     0.5     0.2 -999.000  205.8  238.3    2.421   72.3940615   27.2526865  985.9  100
 2012    2  146  885.09  -19.64  -19.64   70.2    0.58    6.04   309.4    46.9    -4.0     6.9     9.9     7.3     7.1 -999.000  174.1  223.2    2.460 -999.0000000 -999.0000000 -999.0  100
 2012    3  147  887.04  -16.57  -16.50   70.6    0.81    5.67   314.1    37.0    -5.1    73.4    78.5    59.9    59.5 -999.000  192.4  236.3    2.466 -999.0000000 -999.0000000 -999.0  100
 2012    4  148  899.00  -15.64  -15.43   71.4    0.79    4.03   313.1    24.8    -5.5   191.4   193.9   151.5   151.4    0.783  188.4  241.0    2.483 -999.0000000 -999.0000000 -999.0  100
 2012    5  149  902.08   -6.52   -6.23   66.8    1.76    4.27   311.3    23.9   -16.5   301.3   304.3   231.3   230.5    0.760  211.9  278.4    2.514 -999.0000000 -999.0000000 -999.0  100
 2012    6  150  904.38    2.39    2.69   72.5    3.61    3.95   308.0    29.6   -15.8   320.5   324.3   159.6   158.6    0.488  261.5  316.7    2.489 -999.0000000 -999.0000000 -999.0  100
 2012    7  151  900.06    2.81    3.06   74.0    3.83    4.00   311.2    32.8   -10.1   280.7   285.8   130.1   129.4    0.453  270.4  317.5    2.526 -999.0000000 -999.0000000 -999.0  100
 2012    8  152  899.66    2.16    2.33   68.7    3.43    4.30   309.2    30.4   -21.6   195.5   199.9    88.3    87.9    0.446  259.1  314.4    2.642 -999.0000000 -999.0000000 -999.0  100
 2012    9  153  892.71   -5.43   -5.49   65.4    1.80    4.24   301.0    18.4   -22.6   104.0    93.2    53.3    53.1 -999.000  222.2  283.3    2.634 -999.0000000 -999.0000000 -999.0  100
 2012   10  154  901.39  -11.53  -11.70   66.1    1.10    4.82   303.8    33.9    -9.2    17.3    20.9    13.4    13.1 -999.000  209.7  254.5    2.637 -999.0000000 -999.0000000 -999.0  100
 2012   11  155  893.94  -17.51  -17.68   61.5    0.60    5.17   305.7    37.6    -6.1    -1.7     0.8     0.8     0.5 -999.000  182.7  230.9    2.640 -999.0000000 -999.0000000 -999.0  100
 2012   12  156  897.91  -18.63  -18.82   62.9    0.60    5.11   306.5    38.7    -4.7    -2.5     0.0     0.2     0.0 -999.000  178.7  226.6    2.642 -999.0000000 -999.0000000 -999.0  100
 2013    1  157  890.88  -19.52  -19.69   69.3    0.59    5.41   304.5    39.2    -3.9    -1.7     0.2     0.3     0.2 -999.000  187.7  225.2    2.644 -999.0000000 -999.0000000 -999.0  100
 2013    2  158  895.35  -18.83  -18.98   70.3    0.63    4.99   303.9    39.8    -2.9     6.6     9.3     7.3     7.1 -999.000  196.2  226.9    2.637 -999.0000000 -999.0000000 -999.0  100
 2013    3  159  909.93  -19.23  -19.28   62.5    0.53    5.19   306.3    42.7    -4.9    81.8    79.2    63.4    63.0 -999.000  173.4  223.9    2.649 -999.0000000 -999.0000000 -999.0  100
 2013    4  160  897.10  -16.15  -16.01   60.9    0.66    4.71   305.1    26.9   -10.3   198.2   190.4   145.9   145.7    0.768  180.2  239.1    2.651 -999.0000000 -999.0000000 -999.0  100
 2013    5  161  899.81   -7.91   -7.58   65.3    1.45    4.20   311.0    14.4   -19.4   293.2   289.5   230.7   230.4    0.796  224.5  275.3    2.645 -999.0000000 -999.0000000 -999.0  100
 2013    6  162  896.17    1.67    1.94   64.8    3.10    4.45   305.6    26.3   -32.0   357.0   358.2   201.4   200.8    0.566  250.5  314.3    2.572 -999.0000000 -999.0000000 -999.0  100
 2013    7  163  897.49    2.75    2.87   67.6    3.48    3.79   308.5    26.6   -21.8   282.6   283.6   129.8   129.6    0.460  270.9  317.5    2.376 -999.0000000 -999.0000000 -999.0  100
 2013    8  164  892.56    0.54    0.62   71.1    3.14    3.38   319.7    15.6   -20.1   184.9   183.2   109.0   108.4    0.645  270.9  310.7    2.398 -999.0000000 -999.0000000 -999.0  100
 2013    9  165  893.25   -5.88   -5.92   72.7    2.01    4.35   325.9    22.9   -13.3    92.3    91.7    76.6    76.4 -999.000  248.4  281.5    2.398 -999.0000000 -999.0000000 -999.0  100
 2013   10  166  896.31  -14.52  -14.67   67.7    0.89    4.94   328.7    35.8    -6.2    22.4    23.9    20.1    19.9 -999.000  202.1  243.0    2.427 -999.0000000 -999.0000000 -999.0  100
 2013   11  167  886.96  -21.60  -21.77   60.7    0.40    5.77   324.1    43.3    -5.7    -1.4     0.9     1.1     0.7 -999.000  166.5  216.6    2.442 -999.0000000 -999.0000000 -999.0  100
 2013   12  168  883.66  -18.36  -18.53   69.3    0.74    5.69   321.1    35.7    -4.7    -1.6     0.0     0.1     0.0 -999.000  197.8  231.2    2.443 -999.0000000 -999.0000000 -999.0  100
 2014    1  169  894.41  -15.16  -15.34   69.1    0.90    5.87   329.7    42.2    -5.6    -1.4     0.2     0.3     0.2 -999.000  207.0  241.1    2.443 -999.0000000 -999.0000000 -999.0  100
 2014    2  170  890.31  -19.06  -19.21   62.0    0.53    6.60   325.1    53.2    -6.3     6.0     7.9     6.9     6.7 -999.000  175.2  224.8    2.441 -999.0000000 -999.0000000 -999.0  100
 2014    3  171  887.31  -19.81  -19.85   65.8    0.57    5.13   328.5    33.5    -5.1    73.6    70.7    60.6    60.2 -999.000  185.5  224.5    2.415 -999.0000000 -999.0000000 -999.0  100
 2014    4  172  894.65  -14.84  -14.66   62.5    0.81    4.36   327.4    25.3    -9.7   185.0   183.0   150.1   149.8    0.824  197.1  244.4    2.383 -999.0000000 -999.0000000 -999.0  100
 2014    5  173  901.05   -8.04   -7.67   62.7    1.36    4.32   329.1    19.1   -22.3   300.1   299.2   240.4   239.9    0.805  217.4  274.0    2.418 -999.0000000 -999.0000000 -999.0  100
 2014    6  174  902.92    1.56    1.84   65.7    3.13    4.21   324.9    29.0   -25.9   346.5   348.7   200.4   200.0    0.572  256.0  313.4    2.477 -999.0000000 -999.0000000 -999.0  100
 2014    7  175  899.97    2.32    2.45   72.2    3.59    3.44   322.7    22.2   -16.4   253.5   252.9   117.3   117.1    0.466  277.2  317.3    2.343 -999.0000000 -999.0000000 -999.0  100
 2014    8  176  901.09    1.07    1.12   66.4    3.05    3.73   327.0  -999.0  -999.0   181.6   178.0    97.1    97.9    0.574  264.9  311.6    2.330 -999.0000000 -999.0000000 -999.0  100
 2014    9  177  892.70   -6.50   -6.54   68.5    1.80    4.56   330.5  -999.0  -999.0    95.9    91.0    75.4    76.0 -999.000  238.6  279.4    2.393 -999.0000000 -999.0000000 -999.0 -999
 2014   10  178  894.67  -11.92  -12.07   69.7    1.15    5.40   334.0  -999.0  -999.0    20.8    23.3    20.1    20.2 -999.000  223.4  255.3    2.412 -999.0000000 -999.0000000 -999.0 -999
 2014   11  179 -999.00 -999.00 -999.00 -999.0 -999.00 -999.00  -999.0  -999.0  -999.0  -999.0  -999.0  -999.0  -999.0 -999.000 -999.0 -999.0 -999.000 -999.0000000 -999.0000000 -999.0 -999
 2014   12  180 -999.00 -999.00 -999.00 -999.0 -999.00 -999.00  -999.0  -999.0  -999.0  -999.0  -999.0  -999.0  -999.0 -999.000 -999.0 -999.0 -999.000 -999.0000000 -999.0000000 -999.0 -999
 2015    1  181 -999.00 -999.00 -999.00 -999.0 -999.00 -999.00  -999.0  -999.0  -999.0  -999.0  -999.0  -999.0  -999.0 -999.000 -999.0 -999.0 -999.000 -999.0000000 -999.0000000 -999.0 -999
 2015    2  182 -999.00 -999.00 -999.00 -999.0 -999.00 -999.00  -999.0  -999.0  -999.0  -999.0  -999.0  -999.0  -999.0 -999.000 -999.0 -999.0 -999.000 -999.0000000 -999.0000000 -999.0 -999
 2015    3  183 -999.00 -999.00 -999.00 -999.0 -999.00 -999.00  -999.0  -999.0  -999.0  -999.0  -999.0  -999.0  -999.0 -999.000 -999.0 -999.0 -999.000 -999.0000000 -999.0000000 -999.0 -999
 2015    4  184 -999.00 -999.00 -999.00 -999.0 -999.00 -999.00  -999.0  -999.0  -999.0  -999.0  -999.0  -999.0  -999.0 -999.000 -999.0 -999.0 -999.000 -999.0000000 -999.0000000 -999.0 -999
 2015    5  185  896.99   -9.20   -8.83   61.1    1.25    3.99   337.4  -999.0  -999.0   296.7   289.5   237.8   239.0    0.829  209.2  269.6    2.334 -999.0000000 -999.0000000 -999.0 -999
 2015    6  186  901.30    1.07    1.33   63.4    2.91    4.28   334.9  -999.0  -999.0   352.8   348.5   228.0   227.8    0.658  251.6  312.2    2.454 -999.0000000 -999.0000000 -999.0 -999
 2015    7  187  907.32    3.13    3.15   69.7    3.65    4.34   329.5  -999.0  -999.0   248.1   245.3   108.8   108.8    0.449  282.3  318.5    2.609 -999.0000000 -999.0000000 -999.0 -999
 2015    8  188  900.41    0.33    0.31   74.3    3.26    3.55   327.4  -999.0  -999.0   150.9   146.1    82.4    81.3    0.556  283.4  310.8    2.672 -999.0000000 -999.0000000 -999.0 -999
 2015    9  189  896.62   -5.28   -5.34   72.8    2.05    4.41   334.2  -999.0  -999.0    97.5    84.7    75.4    73.5 -999.000  249.6  284.8    2.599 -999.0000000 -999.0000000 -999.0 -999
 2015   10  190  891.67  -12.73  -12.90   65.6    1.10    5.35   333.2  -999.0  -999.0    23.8    23.4    20.2    19.7 -999.000  211.2  250.7    2.604 -999.0000000 -999.0000000 -999.0  100
 2015   11  191  886.24  -16.77  -16.94   65.9    0.77    5.80   335.0    43.6    -6.5    -0.7     1.1     1.1     0.8 -999.000  196.9  234.8    2.548 -999.0000000 -999.0000000 -999.0  100
 2015   12  192  884.97  -21.48  -21.64   60.2    0.44    6.20   334.5    44.4    -6.1    -1.8     0.0     0.2     0.0 -999.000  176.3  218.0    2.567 -999.0000000 -999.0000000 -999.0  100
 2016    1  193  891.51  -16.58  -16.76   65.2    0.73    5.64   339.7    48.0    -5.1    -1.5     0.2     0.4     0.2 -999.000  194.5  233.0    2.483 -999.0000000 -999.0000000 -999.0  100
 2016    2  194  892.20  -19.73  -19.89   59.2    0.48    6.08   336.1    54.4    -6.2     7.6     8.9     7.8     7.7 -999.000  178.7  221.3    2.469 -999.0000000 -999.0000000 -999.0  100
 2016    3  195  889.44  -18.00  -18.09   63.4    0.60    5.10   336.7    38.4    -6.8    81.2    70.8    64.0    64.3 -999.000  191.3  230.0    2.475 -999.0000000 -999.0000000 -999.0  100
 2016    4  196  903.43  -10.32  -10.36   58.1    1.15    4.96   334.1    35.2   -19.5   191.4   172.3   151.0   149.1    0.863  207.4  260.1    2.503 -999.0000000 -999.0000000 -999.0  100
 2016    5  197  899.07   -4.32   -4.23   63.1    1.89    3.85   333.1    16.0   -27.4   273.6   259.8   212.7   212.8    0.814  240.8  290.3    2.542 -999.0000000 -999.0000000 -999.0  100
 2016    6  198  900.68    1.75    1.76   62.7    3.02    4.37   330.9    26.2   -32.3   349.2   341.1   202.2   201.8    0.602  253.5  314.2    2.615 -999.0000000 -999.0000000 -999.0  100
 2016    7  199  904.18    3.23    3.14   66.4    3.52    4.40   332.3    36.6   -22.3   291.4   284.5   121.8   122.6    0.438  268.6  318.4    2.606 -999.0000000 -999.0000000 -999.0  100
 2016    8  200  899.17    1.91    1.82   62.6    3.04    4.05   326.9    25.3   -32.8   204.7   197.5    96.1    96.0    0.487  255.0  314.3    2.520 -999.0000000 -999.0000000 -999.0  100
 2016    9  201  892.91   -4.76   -4.91   63.7    1.89    4.52   323.8    19.6   -25.5    92.6    86.4    56.9    57.0 -999.000  239.5  286.8    2.599 -999.0000000 -999.0000000 -999.0  100
 2016   10  202  898.44   -7.19   -7.38   73.2    1.71    4.44   332.7    25.8   -10.6    18.2    20.7    15.5    15.4 -999.000  249.3  274.7    2.544 -999.0000000 -999.0000000 -999.0  100
 2016   11  203  891.40  -13.25  -13.44   67.8    1.02    5.66   326.3    37.1    -9.5    -0.7     1.0     1.0     0.8 -999.000  216.9  249.2    2.499 -999.0000000 -999.0000000 -999.0  100
 2016   12  204  883.78  -17.97  -18.14   66.1    0.66    5.52   329.1    39.1    -6.3    -1.7     0.0     0.1     0.0 -999.000  198.1  231.2    2.489 -999.0000000 -999.0000000 -999.0  100
 2017    1  205  887.76  -22.84  -22.99   63.0    0.40    5.46   328.5    41.0    -4.5    -1.6     0.2     0.4     0.2 -999.000  177.3  212.9    2.475 -999.0000000 -999.0000000 -999.0  100
 2017    2  206  889.66  -17.80  -17.96   70.7    0.77    5.18   329.9    33.6    -5.8     7.1     8.3     7.5     7.5 -999.000  207.4  232.9    2.440 -999.0000000 -999.0000000 -999.0  100
 2017    3  207  889.70  -19.68  -19.78   56.4    0.46    5.77   327.5    46.2    -7.7    75.3    70.8    64.6    65.3 -999.000  177.4  222.9    2.426 -999.0000000 -999.0000000 -999.0  100
 2017    4  208  899.50  -15.50  -15.53   57.9    0.71    4.97   336.0    30.9   -11.4   188.5   177.8   153.1   152.6    0.863  188.1  241.4    2.441 -999.0000000 -999.0000000 -999.0  100
 2017    5  209  907.14   -3.55   -3.46   64.5    2.06    3.92   329.7    17.2   -28.4   278.6   272.6   205.3   205.4    0.761  242.1  294.4    2.537 -999.0000000 -999.0000000 -999.0  100
 2017    6  210  898.77    0.81    0.85   66.1    2.96    4.19   324.9    19.0   -34.5   330.3   330.3   198.6   197.3    0.617  258.3  312.7    2.481 -999.0000000 -999.0000000 -999.0  100
 2017    7  211  897.34    2.02    2.01   66.6    3.26    4.64   325.0    32.6   -32.3   291.6   292.9   142.7   143.0    0.487  265.9  315.2    2.422 -999.0000000 -999.0000000 -999.0  100
 2017    8  212  897.65    0.91    1.18   71.8    3.24    4.30   272.4    22.0   -26.6   209.7   208.4    86.6    85.2    0.413  253.1  311.7    2.608 -999.0000000 -999.0000000 -999.0  100
 2017    9  213  895.68   -3.74   -3.49   82.3    2.64    4.67   270.0    20.5    -9.1    87.8    89.4    63.7    63.1 -999.000  263.8  292.2    2.628 -999.0000000 -999.0000000 -999.0  100
 2017   10  214  894.02   -8.39   -8.30   78.3    1.76    5.50   269.8    35.8    -4.6    21.1    24.6    17.1    16.9 -999.000  236.2  268.6    2.584 -999.0000000 -999.0000000 -999.0  100
 2017   11  215  897.98  -16.56  -16.53   80.2    0.90    5.61   272.9    40.6    -0.2    -0.8     1.1     1.0     0.8 -999.000  198.6  235.9    2.503 -999.0000000 -999.0000000 -999.0  100
 2017   12  216  892.08  -19.31  -19.29   73.1    0.61    6.19   270.1    53.0    -1.1    -2.2     0.0     0.3     0.0 -999.000  176.7  223.4    2.480 -999.0000000 -999.0000000 -999.0  100
 2018    1  217  889.69  -18.73  -18.68   80.7    0.80    5.78   270.6    39.0    -0.2    -1.3     0.2     0.4     0.2 -999.000  194.2  229.3    2.395 -999.0000000 -999.0000000 -999.0  100
 2018    2  218  887.14  -15.39  -15.31   87.1    1.17    5.23   269.9    29.0     0.7     7.5     8.9     7.4     7.2 -999.000  219.8  243.8    2.249 -999.0000000 -999.0000000 -999.0  100
 2018    3  219  901.78  -18.52  -18.33   72.5    0.66    5.50   268.8    45.6    -2.7    79.2    70.1    58.0    57.6 -999.000  182.7  227.4    2.132 -999.0000000 -999.0000000 -999.0  100
 2018    4  220  896.44  -13.69  -13.27   71.6    1.03    4.88   277.3    30.4    -7.9   199.6   193.3   148.3   147.6    0.767  195.6  248.7    2.167 -999.0000000 -999.0000000 -999.0  100
 2018    5  221  889.68   -6.85   -6.15   73.1    1.81    4.11   274.1    16.9   -16.4   288.2   284.2   230.7   228.9    0.813  233.9  279.3    2.165 -999.0000000 -999.0000000 -999.0  100
 2018    6  222  895.69   -0.34    0.48   73.0    3.01    3.42   267.0    13.1   -22.5   344.2   340.9   246.5   244.4    0.719  255.3  309.2    2.318 -999.0000000 -999.0000000 -999.0  100
 2018    7  223  894.68    1.68    2.24   75.9    3.64    3.65   261.8    19.3   -15.5   280.1   283.3   146.7   145.8    0.510  267.9  315.3    2.601 -999.0000000 -999.0000000 -999.0  100
 2018    8  224  895.22    0.64    1.00   73.0    3.33    4.63   270.6    27.7   -17.2   209.6   210.9    93.6    93.1    0.450  254.1  308.8    2.663 -999.0000000 -999.0000000 -999.0  100
 2018    9  225  895.46   -6.66   -6.44   71.8    2.00    5.20   272.4    21.7   -15.6   101.5   101.1    59.7    59.5 -999.000  222.8  279.0    2.665 -999.0000000 -999.0000000 -999.0  100
 2018   10  226  889.62  -13.32  -13.22   78.5    1.17    5.44   274.5    28.4    -3.4    22.8    27.0    15.7    15.5 -999.000  213.5  250.5    2.669 -999.0000000 -999.0000000 -999.0  100
 2018   11  227  899.03  -14.21  -14.15   74.6    1.04    6.39   271.1    47.2    -3.1    -0.8     1.5     1.2     0.9 -999.000  201.9  244.1    2.617 -999.0000000 -999.0000000 -999.0  100
 2018   12  228  891.30  -18.94  -18.92   73.1    0.66    5.94   273.9    46.8    -2.3    -2.0     0.0     0.3     0.0 -999.000  182.5  225.8    2.655 -999.0000000 -999.0000000 -999.0  100
 2019    1  229  892.52  -19.82  -19.80   74.8    0.68    5.96   276.0    42.8    -2.0    -1.4     0.2     0.4     0.2 -999.000  186.3  223.6    2.611 -999.0000000 -999.0000000 -999.0  100
 2019    2  230  891.88  -20.93  -20.90   69.4    0.51    6.13   275.8    59.1    -1.8     5.4     8.1     6.4     6.3 -999.000  170.4  215.9    2.561 -999.0000000 -999.0000000 -999.0  100
 2019    3  231  883.66  -23.01  -22.85   70.6    0.41    5.31   274.9    38.9    -2.2    72.0    69.2    56.2    56.2 -999.000  170.8  212.1    2.549 -999.0000000 -999.0000000 -999.0  100
 2019    4  232  901.14   -8.03   -7.65   70.9    1.67    5.39   274.0    36.7   -12.9   175.6   175.1   138.6   138.0    0.791  225.9  270.3    2.532 -999.0000000 -999.0000000 -999.0  100
 2019    5  233  908.95   -3.76   -3.13   76.3    2.37    3.58   278.9    14.3   -16.0   296.9   297.3   216.7   215.7    0.730  235.3  293.4    2.524 -999.0000000 -999.0000000 -999.0  100
 2019    6  234  905.26    2.07    2.67   68.2    3.37    4.98   268.4    38.2   -21.2   350.8   349.5   179.3   177.4    0.503  254.5  313.7    2.607 -999.0000000 -999.0000000 -999.0  100
 2019    7  235  905.86    3.24    3.63   77.2    4.07    4.41   273.3    37.1    -5.9   270.0   270.1   105.3   104.3    0.388  278.9  318.8    2.640 -999.0000000 -999.0000000 -999.0  100
 2019    8  236  902.47    1.57    1.85   71.5    3.41    4.76   275.5    30.1   -21.5   186.5   194.2    79.6    79.4    0.420  261.2  313.1    2.634 -999.0000000 -999.0000000 -999.0  100
 2019    9  237  897.37   -4.80   -4.62   74.4    2.24    5.10   283.4    23.7   -16.6    85.8   104.1    59.8    53.5 -999.000  239.2  286.3    2.586 -999.0000000 -999.0000000 -999.0  100
 2019   10  238  900.75  -10.95  -10.91   67.7    1.22    6.11   284.3    47.0    -9.7    17.4    28.9    15.6    15.3 -999.000  202.6  255.9    2.610 -999.0000000 -999.0000000 -999.0  100
 2019   11  239  898.21  -15.49  -15.48   72.9    0.83    5.58   283.8    43.7    -4.6    -1.1     1.4     0.9     0.8 -999.000  196.3  238.8    2.620 -999.0000000 -999.0000000 -999.0  100
 2019   12  240  889.22  -19.45  -19.43   71.3    0.65    6.65   281.2    52.6    -2.7    -2.1     0.0     0.2     0.0 -999.000  175.3  224.0    2.563 -999.0000000 -999.0000000 -999.0  100
 2020    1  241  878.68  -18.52  -18.48   79.7    0.74    6.50   276.8    39.4    -1.3    -1.1     0.2     0.3     0.1 -999.000  199.1  230.2    2.502 -999.0000000 -999.0000000 -999.0  100
 2020    2  242  880.07  -23.35  -23.34   70.5    0.46    6.60   284.0    57.0    -1.9     5.3    10.8     6.6     7.4 -999.000  163.8  209.8    2.406 -999.0000000 -999.0000000 -999.0  100
 2020    3  243  889.26  -22.33  -22.17   66.7    0.44    6.72   279.8    52.4    -5.6    70.5    87.5    63.9    63.5 -999.000  160.7  214.1    2.399 -999.0000000 -999.0000000 -999.0  100
 2020    4  244  898.89   -9.72   -9.36   59.7    1.25    6.02   277.2    41.4   -22.9   180.0   194.3   142.2   141.7    0.729  203.6  262.5    2.453 -999.0000000 -999.0000000 -999.0  100
 2020    5  245  898.72   -4.86   -4.34   67.3    2.04    4.38   277.9    14.1   -27.4   276.3   287.2   186.6   185.9    0.649  227.8  289.0    2.507 -999.0000000 -999.0000000 -999.0  100
 2020    6  246  902.27    0.62    1.16   72.9    3.23    4.38   270.2    21.1   -24.5   310.4   312.4   172.2   170.7    0.542  264.0  311.4    2.504 -999.0000000 -999.0000000 -999.0  100
 2020    7  247  900.06    2.16    2.50   83.3    4.09    3.01   277.8    19.7    -6.5   237.3   239.7    96.9    96.1    0.404  289.8  318.0    2.421 -999.0000000 -999.0000000 -999.0  100
 2020    8  248  897.33    1.21    1.28   78.0    3.64    3.98   283.2  -999.0  -999.0   155.2   165.5    75.8    75.6    0.451  267.6  312.9    2.646 -999.0000000 -999.0000000 -999.0 -999
 2020    9  249  892.24   -8.81   -8.80   65.9    1.41    4.57   280.2  -999.0  -999.0    78.2    89.5    47.6    47.3 -999.000  216.8  271.1    2.612 -999.0000000 -999.0000000 -999.0 -999
 2020   10  250  900.07  -10.85  -10.91   76.9    1.71    4.86   292.8  -999.0  -999.0    14.8    26.4    15.5    17.4 -999.000  222.2  258.4    2.523 -999.0000000 -999.0000000 -999.0 -999
 2020   11  251  884.60  -16.91  -16.98   67.9 -999.00    5.96   284.6  -999.0  -999.0    -1.3  -999.0     1.0  -999.0 -999.000  184.3  233.1    2.506 -999.0000000 -999.0000000 -999.0 -999
 2020   12  252  896.48  -18.36  -18.44   63.2 -999.00    6.05   286.9  -999.0  -999.0    -2.3  -999.0     0.2  -999.0 -999.000  173.8  225.9    2.566 -999.0000000 -999.0000000 -999.0 -999
 2021    1  253  900.00  -19.35  -19.43   63.5 -999.00    6.11   280.9  -999.0  -999.0    -1.8  -999.0     0.4  -999.0 -999.000  175.4  223.0    2.520 -999.0000000 -999.0000000 -999.0 -999
 2021    2  254  896.50  -17.08  -17.14   76.1 -999.00    5.43   279.2  -999.0  -999.0     6.4  -999.0     7.2  -999.0 -999.000  200.6  233.8    2.481 -999.0000000 -999.0000000 -999.0 -999
 2021    3  255  889.48  -18.33  -18.34   66.2 -999.00    5.24   272.3  -999.0  -999.0    62.3  -999.0    61.2  -999.0 -999.000  184.6  228.9    2.488 -999.0000000 -999.0000000 -999.0 -999
 2021    4  256  904.71  -12.74  -12.63   58.6 -999.00    5.55   272.8  -999.0  -999.0   173.7  -999.0   153.0  -999.0 -999.000  187.6  250.1    2.494 -999.0000000 -999.0000000 -999.0 -999
 2021    5  257  904.95   -4.75   -4.57   65.9    1.99    4.41   282.1  -999.0  -999.0   287.1   298.6   216.9   216.9    0.730  216.9  285.9    2.522 -999.0000000 -999.0000000 -999.0 -999
 2021    6  258  895.76    0.90    1.09   68.5    3.12    4.00   270.6  -999.0  -999.0   306.0   311.8   171.8   171.5    0.548  259.0  311.8    2.521 -999.0000000 -999.0000000 -999.0 -999
 2021    7  259  897.10    3.00    3.10   76.0    3.97    3.68   279.7  -999.0  -999.0   254.9   259.4   113.4   113.3    0.432  278.7  317.4    2.508 -999.0000000 -999.0000000 -999.0 -999
 2021    8  260  899.31    2.52    2.56   74.9    3.80    3.77   283.3  -999.0  -999.0   203.1   202.0    86.8    86.5    0.429  262.5  316.0    2.619 -999.0000000 -999.0000000 -999.0 -999
 2021    9  261  895.55   -5.86   -5.84   75.5    2.02    4.86   268.6  -999.0  -999.0    84.6  -999.0    60.3  -999.0 -999.000  246.4  283.1    2.683 -999.0000000 -999.0000000 -999.0 -999
 2021   10  262  900.13  -12.61  -12.67   63.3    1.02    5.54   272.2  -999.0  -999.0    20.7  -999.0    15.9  -999.0 -999.000  194.9  249.7    2.659 -999.0000000 -999.0000000 -999.0 -999
 2021   11  263  893.67  -17.65  -17.72   69.9 -999.00    5.51   269.1  -999.0  -999.0    -0.8  -999.0     0.9  -999.0 -999.000  195.0  232.9    2.442 -999.0000000 -999.0000000 -999.0 -999
 2021   12  264  894.16  -14.80  -14.89   69.2 -999.00    5.84   268.8  -999.0  -999.0    -1.9  -999.0     0.2  -999.0 -999.000  199.4  241.0    2.399 -999.0000000 -999.0000000 -999.0 -999
 2022    1  265 -999.00 -999.00 -999.00 -999.0 -999.00 -999.00  -999.0  -999.0  -999.0  -999.0  -999.0  -999.0  -999.0 -999.000 -999.0 -999.0 -999.000 -999.0000000 -999.0000000 -999.0 -999
