 Year MonthOfYear MonthOfCentury AirPressure(hPa) AirTemperature(C) AirTemperatureHygroClip(C) RelativeHumidity(%) SpecificHumidity(g/kg) WindSpeed(m/s) WindDirection(d) SensibleHeatFlux(W/m2) LatentHeatFlux(W/m2) ShortwaveRadiationDown(W/m2) ShortwaveRadiationDown_Cor(W/m2) ShortwaveRadiationUp(W/m2) ShortwaveRadiationUp_Cor(W/m2) Albedo_theta<70d LongwaveRadiationDown(W/m2) LongwaveRadiationUp(W/m2) HeightSensorBoom(m) LatitudeGPS_HDOP<1(degN) LongitudeGPS_HDOP<1(degW) ElevationGPS_HDOP<1(m) FanOK(%)
 2013    8  164 -999.00 -999.00 -999.00 -999.0 -999.00 -999.00  -999.0  -999.0  -999.0  -999.0  -999.0  -999.0  -999.0 -999.000 -999.0 -999.0 -999.000 -999.0000000 -999.0000000 -999.0  100
 2013    9  165  899.21   -3.59   -3.64   77.0    2.53    8.34     1.9    18.0   -22.1   128.4   129.1    86.5    85.9    0.666  250.8  292.8    2.446 -999.0000000 -999.0000000 -999.0   40
 2013   10  166  902.19   -7.70   -7.84   73.2    1.82    6.63     5.8    24.7   -11.7    54.7    53.5    36.4    35.6 -999.000  233.3  272.9    2.492 -999.0000000 -999.0000000 -999.0 -999
 2013   11  167  893.39  -10.75  -10.88   83.6    1.55    8.81    10.9    18.9    -7.7     9.0    10.5     7.7     7.4 -999.000  240.9  263.5    2.598 -999.0000000 -999.0000000 -999.0 -999
 2013   12  168  882.99  -14.47  -14.61   80.7    1.11    9.47    11.0    27.9    -7.3     1.3     1.7     2.0     1.3 -999.000  215.6  248.2    2.587 -999.0000000 -999.0000000 -999.0 -999
 2014    1  169  890.15   -8.66   -8.80   82.2    1.78    7.69    30.6    26.1    -9.3     4.8     5.3     4.7     4.3 -999.000  251.2  271.6    2.072 -999.0000000 -999.0000000 -999.0 -999
 2014    2  170 -999.00 -999.00 -999.00 -999.0 -999.00 -999.00  -999.0  -999.0  -999.0  -999.0  -999.0  -999.0  -999.0 -999.000 -999.0 -999.0    1.773 -999.0000000 -999.0000000 -999.0 -999
 2014    3  171  894.92  -11.75  -11.68   81.7    1.42    8.28    21.6    20.0    -9.2    97.9    96.6    81.6    79.6 -999.000  235.2  259.8    1.680 -999.0000000 -999.0000000 -999.0 -999
 2014    4  172  898.52   -6.10   -6.23   81.1    2.26    6.18    22.6    14.7   -12.2   186.5   187.0   152.6   152.0    0.826  259.5  282.4    1.408 -999.0000000 -999.0000000 -999.0 -999
 2014    5  173  907.10   -1.29   -1.47   65.6    2.44    4.93    10.3    21.8   -29.9   290.3   292.6   219.4   217.9    0.759  255.7  298.7    1.290 -999.0000000 -999.0000000 -999.0 -999
 2014    6  174  911.00    3.18    2.97   70.0    3.63    3.79    14.8    25.3   -14.3   301.6   303.2   204.2   203.7    0.679  283.6  316.1    1.879 -999.0000000 -999.0000000 -999.0 -999
 2014    7  175  906.52    3.96    3.76   66.5    3.67    2.88   351.3    19.5    -8.5   316.8   318.4   169.3   168.0    0.525  269.5  317.9    2.365 -999.0000000 -999.0000000 -999.0 -999
 2014    8  176  908.21    2.93    3.12   69.8    3.62    5.75     1.3    49.5   -19.3   220.6   221.8    92.6    91.6    0.416  273.0  316.7    2.601 -999.0000000 -999.0000000 -999.0   96
 2014    9  177  897.13   -1.84   -1.67   82.7    3.09    6.40    17.4    20.1   -10.9   112.2   114.4    81.0    80.6    0.736  271.8  301.1    2.403 -999.0000000 -999.0000000 -999.0  100
 2014   10  178  899.92   -9.08   -9.02   81.8    1.70    8.37   357.0    25.4    -7.5    55.3    55.3    45.5    45.4 -999.000  235.7  268.3    2.251 -999.0000000 -999.0000000 -999.0  100
 2014   11  179  894.27   -8.10   -8.09   85.9    2.00    5.94    26.5    23.2    -3.5    11.0    11.8    10.3     9.7 -999.000  252.5  272.9    1.916 -999.0000000 -999.0000000 -999.0  100
 2014   12  180  887.59  -13.41  -13.44   94.0    1.30   10.04     7.9  -999.0  -999.0     1.4     1.8     1.8     1.5 -999.000  227.8  255.0    1.450 -999.0000000 -999.0000000 -999.0   45
 2015    1  181  883.26  -13.14  -13.15   92.1    1.36    7.90    10.4    17.8    -0.3     4.9     5.4     4.9     4.5 -999.000  234.8  255.0    1.107 -999.0000000 -999.0000000 -999.0   74
 2015    2  182  886.12  -16.25  -16.24   94.3    1.13    9.22     2.9    11.5    -0.7    24.4    27.2    23.0    22.9 -999.000  233.0  246.5    1.010 -999.0000000 -999.0000000 -999.0   14
 2015    3  183  883.17  -11.11  -10.98   90.2    1.59    7.34    31.7    19.6    -2.0    92.3    92.8    78.3    77.8 -999.000  236.1  262.8    0.998 -999.0000000 -999.0000000 -999.0   51
 2015    4  184  899.71   -9.61   -9.13   82.1    1.64    5.76    18.4    16.1    -9.8   194.5   191.7   164.6   161.7    0.850  238.6  269.6    0.845 -999.0000000 -999.0000000 -999.0   96
 2015    5  185  901.65   -4.54   -3.91   76.5    2.28    5.51    34.0    20.8   -21.9   290.5   287.2   241.7   237.7    0.843  254.6  289.8    0.664 -999.0000000 -999.0000000 -999.0   64
 2015    6  186  909.45    1.98    2.24   67.8    3.21    2.91   351.2    20.3   -13.8   349.4   348.4   253.7   248.6    0.735  262.9  311.1    0.852 -999.0000000 -999.0000000 -999.0   26
 2015    7  187  914.82    2.03    2.65   75.3    3.61    2.58   344.4    17.3    -7.7   308.5   308.0   210.9   208.3    0.701  276.9  317.2    1.838 -999.0000000 -999.0000000 -999.0  100
 2015    8  188  906.17    1.27    1.64   74.2    3.41    3.44   351.9    19.0   -16.8   224.4   221.5   136.9   133.3    0.615  269.1  313.7    2.495 -999.0000000 -999.0000000 -999.0  100
 2015    9  189  900.73   -0.69   -0.53   81.5    3.30    5.58    25.9    21.4   -13.3    99.5    97.3    71.4    68.7    0.719  284.7  307.1    2.500   65.7796241   38.9007752  893.5  100
 2015   10  190  895.82   -6.98   -6.90   83.6    2.12    7.47    16.2    19.5   -11.9    47.8    49.7    41.8    42.3 -999.000  252.7  279.7    2.200   65.7795697   38.9006726  893.0  100
 2015   11  191  890.84  -10.76  -10.75   77.8    1.46    8.30    10.5    30.3   -10.6    10.4    10.2     9.8     8.8 -999.000  232.8  261.0    1.893   65.7795133   38.9005805  890.6  100
 2015   12  192  884.72  -12.63  -12.62   83.0    1.29    7.71    30.8    24.6    -7.4     1.1     1.4     1.8     1.2 -999.000  229.5  255.8    1.878   65.7794526   38.9004811  892.6  100
 2016    1  193  892.82   -9.93   -9.92   80.6    1.67    7.90    37.9    30.1    -9.6     4.7     5.0     4.9     4.4 -999.000  236.1  265.9    1.760 -999.0000000 -999.0000000 -999.0  100
 2016    2  194  894.61  -11.27  -11.23   79.1    1.37    6.89    31.0    26.1    -9.0    29.0    28.8    25.3    25.7 -999.000  235.1  259.9    1.532   65.7793415   38.9002702  891.1  100
 2016    3  195  893.77   -8.88   -8.70   81.8    1.75    5.89    35.9    18.9   -10.4    97.2    93.8    83.3    83.0 -999.000  246.8  271.5    1.125   65.7792890   38.9001527  893.1  100
 2016    4  196  910.75   -3.72   -3.36   71.6    2.24    5.97    27.2    29.3   -32.8   207.0   193.8   163.2   160.8    0.834  250.2  292.2    1.108   65.7792309   38.9000428  895.0  100
 2016    5  197  907.32   -2.46   -1.83   73.3    2.52    4.15    17.0    15.8   -26.7   300.0   283.5   225.0   225.2    0.796  253.6  301.5    1.338   65.7791697   38.8999434  894.3  100
 2016    6  198  908.98    2.02    2.51   78.6    3.82    2.95    14.4    19.4    -6.0   280.3   275.7   191.0   193.3    0.713  297.9  318.1    1.894   65.7791177   38.8998423  893.3  100
 2016    7  199  912.17    2.54    2.92   72.5    3.62    2.90   355.0    17.0    -8.3   319.4   310.5   148.9   148.4    0.493  269.8  317.8    2.522   65.7790577   38.8997211  892.4  100
 2016    8  200  907.60    1.86    2.11   76.4    3.66    3.21   352.9    18.2    -6.4   201.1   203.2    90.5    88.9    0.433  276.7  315.7    2.545   65.7789975   38.8995991  892.1  100
 2016    9  201  898.04   -1.79   -1.64   75.5    2.84    5.17     2.7    22.2   -17.9   102.8   117.7    77.6    66.9 -999.000  260.5  299.7    2.420   65.7789417   38.8994922  891.6  100
 2016   10  202  897.71   -3.27   -3.26   89.8    3.08    8.07    32.5    18.2    -8.6    36.6    50.3    33.5    29.8 -999.000  279.7  297.4    1.944   65.7788880   38.8993966  891.6  100
 2016   11  203  895.14  -10.10  -10.18   93.5    1.80    9.78     2.7    14.3    -1.0     8.0    10.9     8.7     6.9 -999.000  252.5  268.2    1.586   65.7788366   38.8993027  889.8   90
 2016   12  204  885.31  -11.37  -11.43   95.1    1.76    8.50    11.2    10.7    -0.9     1.1     1.5     1.7     1.0 -999.000  249.7  264.2    1.431   65.7787825   38.8992048  889.0   90
 2017    1  205  892.45  -12.87  -12.94   94.8    1.47    8.35     8.5    13.7    -0.4     4.3     5.8     5.0     4.2 -999.000  236.1  257.5    1.171   65.7787246   38.8990866  889.7   83
 2017    2  206  888.77   -9.26   -9.25   91.5    1.87    3.41  -999.0    11.4    -2.1    24.9    34.2    27.4    26.3 -999.000  252.3  271.3    0.632   65.7786710   38.8989863  889.6   96
 2017    3  207  896.41  -11.98  -11.75   84.6    1.36    5.75     8.4    24.2    -6.2    92.6   106.1    87.6    85.8 -999.000  228.3  258.8    0.410   65.7786174   38.8988707  889.5  100
 2017    4  208  903.08   -8.29   -8.04   91.0    2.04    5.62    26.5  -999.0  -999.0   184.6   198.0   147.6   145.2    0.759  247.4  275.1    0.389   65.7785648   38.8987809  890.8   60
 2017    5  209  912.50   -0.81    0.02   81.0    3.17    3.76     6.7    22.3   -26.6   264.1   273.2   200.3   199.3    0.722  280.6  310.3    0.431   65.7785057   38.8986850  890.7   87
 2017    6  210  905.57    0.32    1.22   73.1    3.12    2.59   352.3    12.8   -17.3   337.2   351.4   250.1   249.4    0.712  261.1  312.6    0.836   65.7784530   38.8985694  890.9  100
 2017    7  211  904.13    1.93    2.48   72.1    3.49    3.93     2.7    27.9   -16.8   276.4   285.3   193.9   193.4    0.689  279.6  316.3    1.602   65.7783944   38.8984562  891.0  100
 2017    8  212  906.77    1.07    1.44   77.5    3.46    2.58   336.1  -999.0  -999.0   216.4   182.7   120.6    96.5    0.539  282.0  307.3 -999.000   65.7783200   38.8983656  890.0  100
 2017    9  213  899.40   -1.19   -1.10   84.4    3.32    3.07   341.3  -999.0  -999.0    86.3    69.5    53.2    42.5    0.649  297.1  302.8 -999.000   65.7782631   38.8982675  889.0  100
 2017   10  214  898.68   -4.01   -4.10   84.4    2.61    3.81   338.9  -999.0  -999.0     1.1     1.2     2.9     0.8 -999.000  298.2  299.9 -999.000   65.7782081   38.8981678  888.5   90
 2017   11  215  903.23  -11.79  -11.80   99.3    1.67    5.59   338.4  -999.0  -999.0     4.0     2.1     5.3     1.7 -999.000  273.0  273.9 -999.000   65.7781539   38.8980719  888.6    6
 2017   12  216  898.65  -13.37  -13.47   96.4    1.34    2.24  -999.0  -999.0  -999.0     1.5     0.6     1.9     0.5 -999.000  280.6  281.0 -999.000   65.7780952   38.8979718  889.4   22
 2018    1  217  889.87  -12.54  -12.56   99.4    1.51    0.00  -999.0  -999.0  -999.0     1.0     0.4     1.3     0.4 -999.000  277.3  277.8 -999.000 -999.0000000 -999.0000000 -999.0    9
 2018    2  218  882.87  -12.96  -13.03   99.4 -999.00    0.00  -999.0  -999.0  -999.0     0.8  -999.0     1.1  -999.0 -999.000 -999.0 -999.0 -999.000 -999.0000000 -999.0000000 -999.0 -999
 2018    3  219  905.24   -9.73   -9.75   99.9 -999.00    0.00  -999.0  -999.0  -999.0     0.4  -999.0     0.5  -999.0 -999.000 -999.0 -999.0 -999.000 -999.0000000 -999.0000000 -999.0    9
 2018    4  220  901.91   -7.14   -7.18  100.0 -999.00    0.00  -999.0  -999.0  -999.0     0.1  -999.0     0.2  -999.0 -999.000 -999.0 -999.0 -999.000   65.7778798   38.8975576  891.3   35
 2018    5  221  894.82   -6.15   -6.18  100.0 -999.00    0.00  -999.0  -999.0  -999.0     0.1  -999.0     0.1  -999.0 -999.000 -999.0 -999.0 -999.000   65.7778298   38.8974543  891.1   28
 2018    6  222  998.20   -0.56   -1.10   99.6 -999.00    0.00  -999.0  -999.0  -999.0    50.8  -999.0     4.0  -999.0 -999.000 -999.0 -999.0 -999.000 -999.0000000 -999.0000000 -999.0   13
 2018    7  223 -999.00 -999.00 -999.00 -999.0 -999.00 -999.00  -999.0  -999.0  -999.0  -999.0  -999.0  -999.0  -999.0 -999.000 -999.0 -999.0 -999.000 -999.0000000 -999.0000000 -999.0 -999
 2018    8  224 -999.00 -999.00 -999.00 -999.0 -999.00 -999.00  -999.0  -999.0  -999.0  -999.0  -999.0  -999.0  -999.0 -999.000 -999.0 -999.0 -999.000 -999.0000000 -999.0000000 -999.0 -999
 2018    9  225  902.75   -3.01   -3.57   84.9 -999.00    6.92   190.6  -999.0  -999.0    71.7  -999.0    55.5  -999.0 -999.000 -999.0 -999.0    2.510   65.7776566   38.8971729  887.2  100
 2018   10  226  895.08   -9.20   -9.69   84.7 -999.00    9.30   183.8  -999.0  -999.0    42.1  -999.0    26.2  -999.0 -999.000 -999.0 -999.0    2.686 -999.0000000 -999.0000000 -999.0  100
 2018   11  227  902.88   -8.45   -9.13   82.8 -999.00    7.17   187.7  -999.0  -999.0     7.1  -999.0     6.3  -999.0 -999.000 -999.0 -999.0    2.429 -999.0000000 -999.0000000 -999.0  100
 2018   12  228  896.26   -9.70  -10.39   82.9 -999.00    6.21   186.4  -999.0  -999.0     1.7  -999.0     1.7  -999.0 -999.000 -999.0 -999.0    1.996 -999.0000000 -999.0000000 -999.0  100
 2019    1  229  898.89  -13.00  -13.71   91.4 -999.00    4.59  -999.0  -999.0  -999.0     5.5  -999.0     5.5  -999.0 -999.000 -999.0 -999.0    1.479 -999.0000000 -999.0000000 -999.0  100
 2019    2  230  896.25  -11.36  -12.03   86.5 -999.00    6.38   204.6  -999.0  -999.0    19.7  -999.0    20.7  -999.0 -999.000 -999.0 -999.0    1.336 -999.0000000 -999.0000000 -999.0  100
 2019    3  231  890.63  -13.80  -14.46   88.8 -999.00    7.13   182.9  -999.0  -999.0    70.6  -999.0    68.7  -999.0 -999.000 -999.0 -999.0    1.087 -999.0000000 -999.0000000 -999.0   93
 2019    4  232  903.96   -3.60   -5.94   89.4 -999.00    6.91   217.6  -999.0  -999.0   111.1  -999.0   104.7  -999.0 -999.000 -999.0 -999.0 -999.000 -999.0000000 -999.0000000 -999.0   83
 2019    5  233  917.82   -0.95   -1.47   85.2 -999.00    2.41   189.5  -999.0  -999.0   291.1  -999.0   205.0  -999.0 -999.000 -999.0 -999.0    1.058 -999.0000000 -999.0000000 -999.0  100
 2019    6  234  915.91    1.64    1.98   77.4 -999.00    3.33   175.8  -999.0  -999.0   346.7  -999.0   229.4  -999.0 -999.000 -999.0 -999.0    1.940 -999.0000000 -999.0000000 -999.0  100
 2019    7  235  913.06    2.83    2.98   79.4 -999.00    3.36   178.5  -999.0  -999.0   302.6  -999.0   172.0  -999.0 -999.000 -999.0 -999.0    2.611 -999.0000000 -999.0000000 -999.0  100
 2019    8  236  910.68    1.61    1.65   78.0 -999.00    2.83   174.6  -999.0  -999.0   257.5  -999.0   110.2  -999.0 -999.000 -999.0 -999.0    2.762 -999.0000000 -999.0000000 -999.0  100
 2019    9  237  904.20   -1.65   -1.73   76.3 -999.00    7.10   186.5  -999.0  -999.0   130.7  -999.0    69.1  -999.0 -999.000 -999.0 -999.0    2.742 -999.0000000 -999.0000000 -999.0  100
 2019   10  238  907.86   -6.21   -6.36   73.5 -999.00    7.38   190.9  -999.0  -999.0    70.3  -999.0    35.3  -999.0 -999.000 -999.0 -999.0    2.713 -999.0000000 -999.0000000 -999.0  100
 2019   11  239  904.10   -7.54   -7.76   79.4 -999.00    8.11   204.2  -999.0  -999.0    14.2  -999.0     7.7  -999.0 -999.000 -999.0 -999.0    2.517 -999.0000000 -999.0000000 -999.0  100
 2019   12  240  895.56  -12.72  -12.86   80.5 -999.00    5.58   179.7  -999.0  -999.0     2.0  -999.0     2.1  -999.0 -999.000 -999.0 -999.0    2.165 -999.0000000 -999.0000000 -999.0  100
 2020    1  241  881.48  -14.43  -14.62   87.0 -999.00    5.82   191.9  -999.0  -999.0     5.5  -999.0     4.3  -999.0 -999.000 -999.0 -999.0    2.228 -999.0000000 -999.0000000 -999.0   45
 2020    2  242  881.89  -12.37  -12.47   87.9 -999.00    0.71   208.5  -999.0  -999.0    45.0  -999.0    27.6  -999.0 -999.000 -999.0 -999.0    2.093 -999.0000000 -999.0000000 -999.0  100
 2020    3  243  895.78  -13.29  -13.30   82.6 -999.00    0.79   187.8  -999.0  -999.0   120.8  -999.0    84.5  -999.0 -999.000 -999.0 -999.0    1.822 -999.0000000 -999.0000000 -999.0   93
 2020    4  244  907.42   -6.85   -6.71   83.7 -999.00    0.01  -999.0  -999.0  -999.0   207.7  -999.0   160.0  -999.0 -999.000 -999.0 -999.0    1.226 -999.0000000 -999.0000000 -999.0   90
 2020    5  245  909.06   -2.73   -2.23   77.5 -999.00    0.00  -999.0  -999.0  -999.0   324.9  -999.0   222.5  -999.0 -999.000 -999.0 -999.0    0.840 -999.0000000 -999.0000000 -999.0  100
 2020    6  246  910.06    1.09    1.44   85.3 -999.00    0.00  -999.0  -999.0  -999.0   273.1  -999.0   213.3  -999.0 -999.000 -999.0 -999.0    1.450 -999.0000000 -999.0000000 -999.0  100
 2020    7  247  909.63    2.15    2.49   73.1 -999.00    0.00  -999.0  -999.0  -999.0   343.9  -999.0   221.5  -999.0 -999.000 -999.0 -999.0    2.156 -999.0000000 -999.0000000 -999.0  100
 2020    8  248  905.34    1.83    2.00   74.7 -999.00    1.48  -999.0  -999.0  -999.0   202.0  -999.0   134.8  -999.0 -999.000 -999.0 -999.0    2.407 -999.0000000 -999.0000000 -999.0  100
 2020    9  249  898.70   -4.56   -4.44   80.1    2.46    6.74    14.8  -999.0  -999.0   101.1   112.0    93.9    92.6 -999.000  245.4  289.2    2.238 -999.0000000 -999.0000000 -999.0  100
 2020   10  250  904.94   -3.49   -3.52   80.8    2.77    5.48    28.1  -999.0  -999.0    37.2    49.3    41.0    46.6 -999.000  264.8  292.5    1.918 -999.0000000 -999.0000000 -999.0  100
 2020   11  251  891.00  -11.46  -11.56   83.4 -999.00    9.27    19.0  -999.0  -999.0     7.2  -999.0    10.0  -999.0 -999.000  220.6  259.4    1.644 -999.0000000 -999.0000000 -999.0  100
 2020   12  252  902.97  -11.23  -11.36   82.0 -999.00    8.01     9.7  -999.0  -999.0     0.8  -999.0     2.3  -999.0 -999.000  222.6  258.9    1.576 -999.0000000 -999.0000000 -999.0  100
 2021    1  253  907.90  -12.12  -12.23   83.0 -999.00    6.93    16.8  -999.0  -999.0     3.4  -999.0     6.0  -999.0 -999.000  222.8  255.4    1.550 -999.0000000 -999.0000000 -999.0  100
 2021    2  254  897.32   -8.97   -9.00   85.5 -999.00    6.50    36.2  -999.0  -999.0    25.3  -999.0    28.9  -999.0 -999.000  244.5  270.6    1.323 -999.0000000 -999.0000000 -999.0  100
 2021    3  255  897.71  -11.33  -11.16   89.0 -999.00    6.61    34.3  -999.0  -999.0    82.8  -999.0    91.6  -999.0 -999.000  221.7  261.9    0.924 -999.0000000 -999.0000000 -999.0   68
 2021    4  256  913.47   -5.38   -5.01   75.9 -999.00    7.67    14.0  -999.0  -999.0   178.3  -999.0   178.2  -999.0 -999.000  229.9  285.0    0.763 -999.0000000 -999.0000000 -999.0  100
 2021    5  257  913.90   -4.26   -3.48   72.7    2.20    3.64    39.3  -999.0  -999.0   267.2   272.5   245.9   250.9    0.894  209.2  291.8    0.909 -999.0000000 -999.0000000 -999.0   96
 2021    6  258  906.43    0.35    1.08   72.6    3.12    4.17     7.5  -999.0  -999.0   297.0   297.1   258.7   267.5    0.897  238.0  309.1    1.062 -999.0000000 -999.0000000 -999.0  100
 2021    7  259  906.79    3.44    3.70   74.1    3.95    4.45     8.1  -999.0  -999.0   244.8   234.7   195.8   199.9    0.853  270.1  316.0    1.966 -999.0000000 -999.0000000 -999.0   45
 2021    8  260  908.63    3.62    3.58   78.9    4.26    4.36     9.8  -999.0  -999.0   154.7   135.6    74.9    75.6    0.546  287.8  317.0    2.432 -999.0000000 -999.0000000 -999.0   51
 2021    9  261  900.35   -3.48   -3.55   73.0    2.51    7.26    13.4  -999.0  -999.0   109.9  -999.0    81.2  -999.0 -999.000  225.6  292.2    2.431 -999.0000000 -999.0000000 -999.0    3
 2021   10  262  905.79   -6.69   -6.82   71.0    1.80    7.54     8.2  -999.0  -999.0    45.9  -999.0    44.1  -999.0 -999.000  211.3  274.1    2.389 -999.0000000 -999.0000000 -999.0    9
 2021   11  263  900.20   -9.89  -10.03   84.6 -999.00    7.50     8.5  -999.0  -999.0     7.5  -999.0     7.8  -999.0 -999.000  230.3  266.0    2.288 -999.0000000 -999.0000000 -999.0 -999
 2021   12  264  897.45  -10.15  -10.24   76.9 -999.00    7.20    26.6  -999.0  -999.0     0.2  -999.0     2.2  -999.0 -999.000  211.7  258.3    2.139 -999.0000000 -999.0000000 -999.0 -999
 2022    1  265 -999.00 -999.00 -999.00 -999.0 -999.00 -999.00  -999.0  -999.0  -999.0  -999.0  -999.0  -999.0  -999.0 -999.000 -999.0 -999.0 -999.000 -999.0000000 -999.0000000 -999.0 -999
