 Year MonthOfYear MonthOfCentury AirPressure(hPa) AirTemperature(C) AirTemperatureHygroClip(C) RelativeHumidity(%) SpecificHumidity(g/kg) WindSpeed(m/s) WindDirection(d) SensibleHeatFlux(W/m2) LatentHeatFlux(W/m2) ShortwaveRadiationDown(W/m2) ShortwaveRadiationDown_Cor(W/m2) ShortwaveRadiationUp(W/m2) ShortwaveRadiationUp_Cor(W/m2) Albedo_theta<70d LongwaveRadiationDown(W/m2) LongwaveRadiationUp(W/m2) HeightSensorBoom(m) LatitudeGPS_HDOP<1(degN) LongitudeGPS_HDOP<1(degW) ElevationGPS_HDOP<1(m) FanOK(%)
 2008    3   99 -999.00 -999.00 -999.00 -999.0 -999.00 -999.00 -999.0 -999.0 -999.0 -999.0 -999.0 -999.0 -999.0 -999.000 -999.0 -999.0 -999.000 -999.0000000 -999.0000000 -999.0 -999
 2008    4  100  950.77   -3.95   -4.21   78.1    2.41    4.54  355.1   22.3  -10.4  195.0  184.8  151.9  136.3    0.763  256.7  291.5    1.644 -999.0000000 -999.0000000 -999.0 -999
 2008    5  101  950.17   -0.44   -0.41   83.2    3.26    2.99   14.7 -999.0 -999.0  239.0  233.2  185.8  178.1    0.770  287.6  309.4    1.856 -999.0000000 -999.0000000 -999.0 -999
 2008    6  102  949.82    3.03    2.89   73.9    3.65    4.00  346.7   39.5  -11.3  337.2  331.9  195.5  185.8    0.583  261.3  316.5    2.484   65.7011618   38.8659835  480.6 -999
 2008    7  103  945.43    3.49    3.04   80.3    4.14    3.89  339.3   34.0   -1.6  254.9  253.8   95.6   92.1    0.370  287.3  318.7    2.695 -999.0000000 -999.0000000 -999.0 -999
 2008    8  104  939.73    3.14    2.62   78.4    3.98    3.57  332.5   27.5   -5.9  216.2  218.0   77.6   72.1    0.336  271.4  317.6    2.684   65.7010498   38.8652611  431.5 -999
 2008    9  105  933.16    0.51   -0.29   83.3    3.59    2.15 -999.0   16.6    3.1   72.7   91.2   31.8   28.7 -999.000  304.3  300.2    2.517   65.7009948   38.8659911  476.5 -999
 2008   10  106  932.60   -5.52   -6.36   95.5    2.58    0.07 -999.0 -999.0 -999.0   10.0   39.1   16.6   14.7 -999.000  286.7  272.8 -999.000   65.7009443   38.8654077  530.3 -999
 2008   11  107  937.98   -6.86   -7.82   99.9    2.37    0.02 -999.0 -999.0 -999.0    1.1    1.7    1.8    0.8 -999.000  283.9  279.0 -999.000   65.7009333   38.8660000  565.3 -999
 2008   12  108  926.84   -7.41   -8.33  100.0    2.22    0.06 -999.0 -999.0 -999.0    0.0    0.1    0.2    0.1 -999.000  280.9  279.1 -999.000   65.7009333   38.8660000  565.3 -999
 2009    1  109  924.61   -5.99   -6.88  100.0    2.49    0.00 -999.0 -999.0 -999.0    0.2    0.0   -0.3    0.0 -999.000  286.2  285.9 -999.000   65.7009333   38.8660000  565.3 -999
 2009    2  110 -999.00 -999.00 -999.00 -999.0 -999.00 -999.00 -999.0 -999.0 -999.0 -999.0 -999.0 -999.0 -999.0 -999.000 -999.0 -999.0 -999.000 -999.0000000 -999.0000000 -999.0 -999
 2009    3  111 -999.00 -999.00 -999.00 -999.0 -999.00 -999.00 -999.0 -999.0 -999.0 -999.0 -999.0 -999.0 -999.0 -999.000 -999.0 -999.0 -999.000 -999.0000000 -999.0000000 -999.0 -999
 2009    4  112 -999.00 -999.00 -999.00 -999.0 -999.00 -999.00 -999.0 -999.0 -999.0 -999.0 -999.0 -999.0 -999.0 -999.000 -999.0 -999.0 -999.000 -999.0000000 -999.0000000 -999.0 -999
 2009    5  113  939.92   -0.70   -1.25   77.0    2.96    0.00 -999.0    0.0    0.0  274.3  277.4  206.7  206.0    0.753  264.5  305.4    1.895   65.7006612   38.8661547  572.7  100
 2009    6  114  949.46    1.31    0.82   80.0    3.51    0.00 -999.0    0.0    0.0  324.2  321.3  208.6  207.3    0.660  268.0  311.6    2.397   65.7006186   38.8661725  573.4  100
 2009    7  115  949.11    2.86    2.25   82.1    4.04    0.00 -999.0    0.0    0.0  260.7  257.8  116.1  115.5    0.466  290.4  315.5    2.653   65.7005685   38.8661796  571.4  100
 2009    8  116  942.55    2.00    1.32   82.9    3.88    0.00 -999.0    0.0    0.0  188.4  191.5   77.9   77.0    0.403  281.4  313.8    2.632   65.7005262   38.8661965  569.9  100
 2009    9  117  933.36   -1.59   -2.39   79.0    2.96    0.00 -999.0    0.0    0.0  100.0  106.9   60.6   60.8 -999.000  256.4  299.7    2.597   65.7004871   38.8662065  567.3  100
 2009   10  118  940.95   -6.07   -6.96   76.5    2.05    0.00 -999.0    0.0    0.0   42.2   48.5   36.7   36.5 -999.000  245.8  279.8    2.395   65.7004630   38.8662218  560.2  100
 2009   11  119  932.29   -7.69   -8.63   80.8    1.88    0.00 -999.0    0.0    0.0    7.7   10.6    8.2    8.1 -999.000  248.2  272.0    2.165   65.7004630   38.8662218  560.2  100
 2009   12  120  944.17   -6.94   -7.88   73.1    1.93    0.00 -999.0    0.0    0.0    1.1    1.5    2.6    1.1 -999.000  237.7  273.8    2.103   65.7004630   38.8662218  560.2  100
 2010    1  121  934.95   -4.36   -5.26   79.0    2.35    0.00 -999.0    0.0    0.0    4.2    4.6    6.0    3.7 -999.000  252.3  285.1    1.701   65.7004630   38.8662218  560.2  100
 2010    2  122  947.97   -9.53  -10.44   79.0    1.81    0.00 -999.0    0.0    0.0   29.4   36.9   32.2   30.2 -999.000  226.5  264.5    1.240   65.7004630   38.8662218  560.2  100
 2010    3  123  940.77   -8.84   -9.64   85.7    1.82    0.00 -999.0    0.0    0.0   85.7  102.0   84.3   84.6 -999.000  244.9  269.6    0.991   65.7004630   38.8662218  560.2  100
 2010    4  124  944.50   -6.86   -7.51   75.3    1.76    0.00 -999.0    0.0    0.0  195.8  212.3  174.8  175.0    0.828  225.2  275.9    1.037   65.7004630   38.8662218  560.2  100
 2010    5  125  950.37    0.32   -0.17   75.3    3.07    0.00 -999.0    0.0    0.0  290.6  301.7  221.5  220.9    0.740  252.9  306.6    1.354   65.7004630   38.8662218  560.2  100
 2010    6  126  946.32    2.81    2.24   78.7    3.86    0.00 -999.0    0.0    0.0  271.1  274.3  170.2  169.8    0.630  284.2  315.9    2.122   65.7004630   38.8662218  560.2  100
 2010    7  127  942.33    2.88    2.26   81.1    4.02    0.00 -999.0    0.0    0.0  294.4  294.5  131.9  131.2    0.449  277.9  315.3    2.571   65.7004630   38.8662218  560.2  100
 2010    8  128  946.31    2.99    2.18   83.9    4.16    1.99   26.3   12.1    2.1  181.9  182.1   75.9   75.7    0.417  292.9  316.6    2.601 -999.0000000 -999.0000000 -999.0  100
 2010    9  129  940.25    2.15    1.19   86.8    4.11    3.55   32.9   27.8    5.8   65.3   66.5   36.0   35.7    0.516  308.3  315.4    2.514 -999.0000000 -999.0000000 -999.0  100
 2010   10  130  939.88   -2.55   -3.61   82.7    2.86    3.66   17.1   19.7   -3.3   35.6   37.7   22.4   17.9 -999.000  274.6  296.1    2.450 -999.0000000 -999.0000000 -999.0  100
 2010   11  131  946.22   -7.45   -8.61   74.5    1.68    4.21    4.9   27.5   -4.8   10.9   13.1    8.7    6.3 -999.000  238.4  269.9    2.474 -999.0000000 -999.0000000 -999.0  100
 2010   12  132  949.57   -7.62   -8.75   91.8    2.03    1.00 -999.0 -999.0 -999.0    3.7    0.8    0.5    0.4 -999.000  278.5  275.8 -999.000 -999.0000000 -999.0000000 -999.0   77
 2011    1  133  937.89  -11.59  -12.73  100.0    1.59    0.00 -999.0 -999.0 -999.0    0.4 -999.0   -0.4 -999.0 -999.000 -999.0 -999.0 -999.000 -999.0000000 -999.0000000 -999.0    6
 2011    2  134  919.11   -9.03  -10.14  100.0    2.00    0.00 -999.0 -999.0 -999.0    0.2 -999.0   -0.0 -999.0 -999.000 -999.0 -999.0 -999.000 -999.0000000 -999.0000000 -999.0    7
 2011    3  135  931.02  -14.64  -15.63  100.0    1.37    0.00 -999.0 -999.0 -999.0    5.7   13.5    6.8    8.5 -999.000  253.3 -999.0 -999.000 -999.0000000 -999.0000000 -999.0    3
 2011    4  136  920.23   -5.18   -6.25  100.0    2.77    0.00 -999.0 -999.0 -999.0    2.8 -999.0    3.6 -999.0 -999.000 -999.0 -999.0 -999.000 -999.0000000 -999.0000000 -999.0   13
 2011    5  137  946.46   -2.18   -3.01   99.7    3.42    0.00 -999.0 -999.0 -999.0    1.6 -999.0    2.0 -999.0 -999.000 -999.0 -999.0 -999.000 -999.0000000 -999.0000000 -999.0   74
 2011    6  138  952.65    0.29   -0.17   90.1    3.67    0.04 -999.0 -999.0 -999.0   23.0  103.7   85.9   99.5 -999.000  315.6  302.8    0.825 -999.0000000 -999.0000000 -999.0   96
 2011    7  139  946.57    2.14    1.54   88.4    4.15    0.92 -999.0    7.4    3.1   87.1  112.7   81.3   79.3    0.754  313.1  311.3    1.499 -999.0000000 -999.0000000 -999.0  100
 2011    8  140  948.51    1.98    1.08   82.8    3.84    2.37  327.3   12.7   -1.1  209.5  199.7  109.0  106.6    0.542  282.3  314.8    2.421 -999.0000000 -999.0000000 -999.0  100
 2011    9  141  934.02    0.80   -0.29   84.5    3.67    2.10  345.2    9.4   -2.7   90.6   83.7   49.5   48.6    0.598  292.3  311.7    2.412 -999.0000000 -999.0000000 -999.0  100
 2011   10  142  931.71   -5.40   -6.58   74.0    1.99    5.49  335.1   24.7  -16.2   65.7   45.5   38.7   38.2 -999.000  245.6  282.5    2.441 -999.0000000 -999.0000000 -999.0  100
 2011   11  143  924.70   -5.65   -6.86   83.5    2.39    4.80  346.1   21.4   -6.0    9.1    8.2    7.7    7.2 -999.000  264.4  284.3    2.514 -999.0000000 -999.0000000 -999.0  100
 2011   12  144  922.42  -14.57  -15.80   81.8    1.04   11.03  324.5   29.1   -5.2    2.4    1.8    2.1    1.5 -999.000  214.5  247.4    2.556 -999.0000000 -999.0000000 -999.0  100
 2012    1  145  924.33   -8.26   -9.44   84.2    1.84    8.16  346.1   30.6   -4.4    6.3    4.9    4.4    4.3 -999.000  252.3  272.4    2.501 -999.0000000 -999.0000000 -999.0  100
 2012    2  146  930.05  -10.16  -11.36   83.8    1.67    6.20  342.2   27.8   -2.4   44.7   35.3   29.9   30.5 -999.000  235.4  264.0    2.341 -999.0000000 -999.0000000 -999.0  100
 2012    3  147  926.93   -8.37   -9.43   83.3    1.88    6.99  336.3   22.8   -4.2  103.1   86.6   76.7   75.8 -999.000  251.2  272.5    2.442 -999.0000000 -999.0000000 -999.0  100
 2012    4  148  945.84   -5.59   -6.32   83.0    2.15    3.18  337.6   11.0   -7.5  180.2  172.0  151.1  146.9    0.866  263.2  286.2    2.444 -999.0000000 -999.0000000 -999.0  100
 2012    5  149 -999.00 -999.00 -999.00 -999.0 -999.00 -999.00 -999.0 -999.0 -999.0 -999.0 -999.0 -999.0 -999.0 -999.000 -999.0 -999.0 -999.000 -999.0000000 -999.0000000 -999.0  100
 2012    6  150 -999.00 -999.00 -999.00 -999.0 -999.00 -999.00 -999.0 -999.0 -999.0 -999.0 -999.0 -999.0 -999.0 -999.000 -999.0 -999.0 -999.000 -999.0000000 -999.0000000 -999.0 -999
 2012    7  151 -999.00 -999.00 -999.00 -999.0 -999.00 -999.00 -999.0 -999.0 -999.0 -999.0 -999.0 -999.0 -999.0 -999.000 -999.0 -999.0 -999.000 -999.0000000 -999.0000000 -999.0 -999
 2012    8  152 -999.00 -999.00 -999.00 -999.0 -999.00 -999.00 -999.0 -999.0 -999.0 -999.0 -999.0 -999.0 -999.0 -999.000 -999.0 -999.0 -999.000 -999.0000000 -999.0000000 -999.0 -999
 2012    9  153  938.55   -0.66   -1.27   75.2    2.91    4.46  359.7   22.7  -28.5  119.9  117.7   59.6   57.1    0.485  262.5  306.2    2.433 -999.0000000 -999.0000000 -999.0  100
 2012   10  154  944.80   -3.34   -4.08   76.1    2.39    5.29    3.8   24.1  -18.8   45.0   45.9   36.8   33.5 -999.000  263.1  292.7    2.383 -999.0000000 -999.0000000 -999.0  100
 2012   11  155  935.51   -7.91   -8.75   76.0    1.71    7.51    2.3   28.8  -13.1   11.4   11.4   10.5    8.7 -999.000  241.1  272.6    2.314 -999.0000000 -999.0000000 -999.0  100
 2012   12  156  937.95   -8.28   -9.12   83.4    1.86    6.42   17.6   22.9   -6.0    1.5    1.6    2.2    1.3 -999.000  249.5  272.0    1.966 -999.0000000 -999.0000000 -999.0  100
 2013    1  157  926.86   -6.89   -7.68   84.6    2.07    6.96   36.5   25.0   -8.0    5.2    5.5    5.2    4.8 -999.000  261.8  278.9    1.838 -999.0000000 -999.0000000 -999.0  100
 2013    2  158  935.26   -7.02   -7.77   85.9    2.03    4.96   18.6   20.4   -4.4   27.4   31.2   28.6   28.2 -999.000  262.8  278.5    1.576 -999.0000000 -999.0000000 -999.0  100
 2013    3  159  954.43  -10.65  -11.34   80.5    1.47    7.15    0.6   27.3   -6.1  107.5  106.3   96.6   95.0 -999.000  225.7  262.1    1.587 -999.0000000 -999.0000000 -999.0  100
 2013    4  160  943.66   -9.05   -9.51   76.2    1.50    6.61  349.8   22.8  -10.1  219.0  208.9  180.7  177.9    0.785  224.6  269.5    1.743 -999.0000000 -999.0000000 -999.0  100
 2013    5  161  942.99   -2.49   -2.71   81.6    2.69    5.37    4.8   11.5  -20.7  270.3  256.5  221.0  217.1    0.829  276.0  302.4    1.609 -999.0000000 -999.0000000 -999.0  100
 2013    6  162  941.29    1.86    1.80   82.8    3.81    2.91   16.2   17.3   -4.2  300.8  287.9  214.7  210.7    0.734  290.8  317.3    2.055 -999.0000000 -999.0000000 -999.0  100
 2013    7  163  943.10    2.43    2.20   79.4    3.79    3.26    6.3   26.2   -4.8  278.6  262.8  145.2  145.1    0.571  286.9  316.9    2.545 -999.0000000 -999.0000000 -999.0  100
 2013    8  164  936.05    1.47    1.12   78.0    3.53    3.62    1.3   19.7  -15.4  196.3  187.2   91.9   92.0    0.519  279.9  313.9    2.555 -999.0000000 -999.0000000 -999.0  100
 2013    9  165  937.42   -2.04   -2.72   74.3    2.65    5.75  349.3   21.6  -25.5  113.0  123.9   78.5   77.3 -999.000  258.5  299.3    2.563   65.6987020   38.8665803  570.6  100
 2013   10  166  941.17   -6.36   -7.19   76.8    1.99    4.32  358.9   19.1   -8.7   47.1   53.6   38.0   36.9 -999.000  241.2  279.2    2.486   65.6986662   38.8665840  570.8  100
 2013   11  167  932.03   -8.38   -9.26   82.6    1.76    8.27  355.6   21.9   -9.7    8.2   10.5    8.0    7.5 -999.000  249.2  272.9    2.494   65.6986354   38.8666301  571.2  100
 2013   12  168  921.84  -11.57  -12.50   75.7    1.26    8.38  352.6   31.8   -9.3    1.1    1.7    2.5    1.3 -999.000  222.1  257.4    2.457   65.6985900   38.8666522  568.8  100
 2014    1  169  928.57   -6.49   -7.31   78.6    1.96    5.82   17.6   29.0  -11.5    4.7    5.9    5.5    4.6 -999.000  258.9  279.3    2.012   65.6985729   38.8666518  572.0  100
 2014    2  170  927.61   -7.87   -8.70   75.5    1.69    7.10   22.3   32.2  -14.3   27.6   32.1   25.5   25.5 -999.000  249.8  272.9    1.895 -999.0000000 -999.0000000 -999.0  100
 2014    3  171  927.85   -9.76  -10.54   82.1    1.58    7.53    0.9   21.7   -8.9   91.1   97.1   83.3   81.3 -999.000  242.7  267.6    1.960 -999.0000000 -999.0000000 -999.0  100
 2014    4  172  936.90   -5.41   -5.92   86.9    2.41    5.11  354.9    9.5  -10.2  173.2  182.4  149.1  150.9    0.837  267.5  290.3    1.949   65.6984640   38.8666536  572.5  100
 2014    5  173  945.39   -1.43   -1.67   74.1    2.65    4.17  351.1   17.6  -25.1  278.8  281.5  210.2  209.1    0.757  264.0  305.3    2.172   65.6984320   38.8666655  572.7  100
 2014    6  174  948.92    1.79    1.45   81.7    3.72    3.10    4.3   18.5   -7.0  274.9  275.6  151.4  151.5    0.541  288.7  315.1    2.391   65.6983936   38.8667086  572.6  100
 2014    7  175  944.00    1.98    1.71   82.2    3.81    2.44  359.6   12.9   -3.8  271.2  292.8  138.0  142.2    0.477  276.8  316.3    2.212   65.6983568   38.8667363  570.1  100
 2014    8  176  945.91    2.86    1.55   70.8    3.48    3.87  341.7   35.8  -14.6  221.7  215.6   81.2   81.1    0.371  277.7  316.5    2.615   65.6982853   38.8666862  569.8  100
 2014    9  177  934.93   -0.19   -1.75   79.4    3.24    5.10  348.2   20.0  -19.3  110.3  102.7   53.4   52.9    0.559  281.5  308.3    2.653   65.6982411   38.8666930  568.9  100
 2014   10  178  938.51   -6.22   -7.94   75.3    1.91    6.57  326.2   21.4  -16.5   62.8   49.3   34.2   33.8 -999.000  244.0  281.5    2.684   65.6982053   38.8667168  567.8  100
 2014   11  179  932.56   -6.00   -7.70   81.9    2.17    4.71  359.7   20.8   -4.7   14.4   11.0    8.7    7.9 -999.000  259.4  281.7    2.526   65.6981761   38.8667373  569.5  100
 2014   12  180  925.31  -10.55  -12.35   84.3    1.53   10.39  332.6   22.9   -6.8    1.8 -999.0    1.8 -999.0 -999.000  239.5  264.7    2.519   65.6981365   38.8667423  565.4  100
 2015    1  181  920.95  -10.44  -12.21   82.5    1.47    8.40  336.1   26.0   -6.5    5.5 -999.0    4.9 -999.0 -999.000  241.8  263.8    2.366 -999.0000000 -999.0000000 -999.0  100
 2015    2  182  924.33  -13.50  -15.24   85.7    1.22    8.90  321.9   14.5   -5.6   27.7 -999.0   21.7 -999.0 -999.000  238.1  254.6    2.494   65.6980686   38.8667560  569.5  100
 2015    3  183  920.80   -8.80  -10.44   83.1    1.71    7.71  354.2   18.5   -9.7   99.0 -999.0   70.3 -999.0 -999.000  245.4  272.5    2.587 -999.0000000 -999.0000000 -999.0  100
 2015    4  184  938.17   -7.67   -9.07   79.1    1.81    5.45  343.8   14.2  -10.9  207.3 -999.0  160.0 -999.0 -999.000  247.5  277.8    2.374   65.6980132   38.8667614  569.3  100
 2015    5  185  939.81   -3.47   -4.64   82.0    2.56    4.93    5.8   12.8  -17.8  287.4 -999.0  227.6 -999.0 -999.000  265.5  297.2    2.184   65.6979794   38.8667731  568.7  100
 2015    6  186  947.29    0.89   -0.13   76.3    3.26    3.09  334.4   14.9  -11.7  346.2 -999.0  224.4 -999.0 -999.000  268.1  312.3    2.399   65.6979462   38.8667885  569.3  100
 2015    7  187  952.38    2.10    0.86   82.8    3.83    2.72  333.4   15.5   -3.5  309.4 -999.0  144.0 -999.0 -999.000  280.6  316.3    2.649   65.6979049   38.8668092  568.2  100
 2015    8  188 -999.00 -999.00 -999.00 -999.0 -999.00 -999.00 -999.0 -999.0 -999.0 -999.0 -999.0 -999.0 -999.0 -999.000 -999.0 -999.0 -999.000 -999.0000000 -999.0000000 -999.0  100
