 Year MonthOfYear MonthOfCentury AirPressure(hPa) AirTemperature(C) AirTemperatureHygroClip(C) RelativeHumidity(%) SpecificHumidity(g/kg) WindSpeed(m/s) WindDirection(d) SensibleHeatFlux(W/m2) LatentHeatFlux(W/m2) ShortwaveRadiationDown(W/m2) ShortwaveRadiationDown_Cor(W/m2) ShortwaveRadiationUp(W/m2) ShortwaveRadiationUp_Cor(W/m2) Albedo_theta<70d LongwaveRadiationDown(W/m2) LongwaveRadiationUp(W/m2) HeightSensorBoom(m) LatitudeGPS_HDOP<1(degN) LongitudeGPS_HDOP<1(degW) ElevationGPS_HDOP<1(m) FanOK(%)
 2007    8   92 -999.00 -999.00 -999.00 -999.0 -999.00 -999.00  -999.0  -999.0  -999.0  -999.0  -999.0  -999.0  -999.0 -999.000 -999.0 -999.0 -999.000 -999.0000000 -999.0000000 -999.0 -999
 2007    9   93  974.83    1.52    0.45   78.0    3.40    4.28    84.8    48.1   -22.7    97.7    93.6    38.4    37.1    0.408  277.4  312.3    0.928   65.6416873   38.8980146  182.4 -999
 2007   10   94  964.30   -1.62   -2.72   79.4    2.87    4.62    80.9    35.4   -12.6    41.7    44.9    29.5    27.2 -999.000  266.4  299.1    0.864   65.6416759   38.8975821  243.6 -999
 2007   11   95 -999.00   -3.88   -5.03   80.5 -999.00    6.29    89.0  -999.0  -999.0     9.0    10.0     8.3     6.7 -999.000  263.3  288.3    0.625 -999.0000000 -999.0000000 -999.0 -999
 2007   12   96 -999.00   -6.22   -7.36   81.6 -999.00    6.27   109.1  -999.0  -999.0     1.7     1.6     2.4     1.2 -999.000  250.0  277.5 -999.000 -999.0000000 -999.0000000 -999.0 -999
 2008    1   97 -999.00   -8.89  -10.10   77.7 -999.00    7.28    93.2  -999.0  -999.0     5.8     5.7     6.0     4.6 -999.000  232.2  265.1 -999.000 -999.0000000 -999.0000000 -999.0 -999
 2008    2   98 -999.00  -11.57  -12.66   81.1 -999.00    5.70    84.8  -999.0  -999.0    31.5    30.9    29.8    26.9 -999.000  221.3  255.9 -999.000 -999.0000000 -999.0000000 -999.0 -999
 2008    3   99 -999.00   -7.81   -8.59   81.5 -999.00    3.73    88.7  -999.0  -999.0    97.2    94.8    88.7    84.9 -999.000  249.7  273.5 -999.000 -999.0000000 -999.0000000 -999.0 -999
 2008    4  100 -999.00   -2.62   -3.10   78.8 -999.00    3.45    84.6  -999.0  -999.0   190.3   182.7   150.4   147.6    0.821  261.7  296.3 -999.000 -999.0000000 -999.0000000 -999.0 -999
 2008    5  101 -999.00    0.31    0.16   84.7 -999.00    2.24   103.3  -999.0  -999.0   227.7   225.8   172.0   172.0    0.776  289.6  312.3 -999.000   65.6415955   38.8981264  244.0 -999
 2008    6  102 -999.00    3.83    3.54   74.2 -999.00    3.13    76.4  -999.0  -999.0   320.2   319.8   212.6   211.6    0.672  269.9  317.9    0.590   65.6415743   38.8978161  185.4 -999
 2008    7  103 -999.00    4.41    3.57   81.2 -999.00    3.59    70.7  -999.0  -999.0   236.8   238.0    66.0    65.8    0.273  296.0  319.9    1.680   65.6415592   38.8979821  224.0 -999
 2008    8  104 -999.00    4.08    3.20   78.9 -999.00    3.34    68.5  -999.0  -999.0   218.7   210.5    55.0    54.1    0.252  280.1  318.9    2.338   65.6415216   38.8981667  168.6 -999
 2008    9  105 -999.00    2.16    1.17   80.3 -999.00    1.90  -999.0  -999.0  -999.0    44.8    53.8    23.9    22.7 -999.000  310.9  306.6    2.601   65.6414916   38.8980966  181.8 -999
 2008   10  106 -999.00   -3.15   -4.24   82.3 -999.00    0.13  -999.0  -999.0  -999.0     2.9     8.7     6.1     7.2 -999.000  299.3  291.8    2.425 -999.0000000 -999.0000000 -999.0 -999
 2008   11  107 -999.00   -6.28   -7.13   98.0 -999.00    0.07  -999.0  -999.0  -999.0     0.2  -999.0    -0.2  -999.0 -999.000 -999.0 -999.0 -999.000   65.6414667   38.8981667  270.0 -999
 2008   12  108 -999.00   -5.68   -6.52   99.7 -999.00    0.00  -999.0  -999.0  -999.0     0.0  -999.0    -0.2  -999.0 -999.000 -999.0 -999.0 -999.000   65.6414667   38.8981667  270.0 -999
 2009    1  109 -999.00   -5.00   -5.84   99.7 -999.00    0.00  -999.0  -999.0  -999.0    -0.0  -999.0    -0.0  -999.0 -999.000 -999.0 -999.0 -999.000   65.6414667   38.8981667  270.0 -999
 2009    2  110 -999.00   -4.57   -5.41   99.8 -999.00    0.00  -999.0  -999.0  -999.0    -0.0  -999.0    -0.0  -999.0 -999.000 -999.0 -999.0 -999.000   65.6414667   38.8981667  270.0 -999
 2009    3  111 -999.00   -4.52   -5.35   99.8 -999.00    0.00  -999.0  -999.0  -999.0    -0.0  -999.0    -0.0  -999.0 -999.000 -999.0 -999.0 -999.000   65.6414667   38.8981667  270.0 -999
 2009    4  112 -999.00   -2.60   -3.43   99.8 -999.00    0.00  -999.0  -999.0  -999.0    -0.2  -999.0     0.1  -999.0 -999.000 -999.0 -999.0 -999.000 -999.0000000 -999.0000000 -999.0 -999
 2009    5  113  975.68    0.49    0.20   79.1 -999.00    0.00  -999.0  -999.0  -999.0   232.1  -999.0   168.3  -999.0 -999.000 -999.0 -999.0    2.466   65.6414322   38.8981588  270.3  100
 2009    6  114  985.48    1.67    1.55   82.6 -999.00    0.00  -999.0  -999.0  -999.0   299.4  -999.0   184.8  -999.0 -999.000 -999.0 -999.0 -999.000   65.6414106   38.8981637  270.0  100
 2009    7  115  984.58    3.39    2.83   82.9 -999.00    0.00  -999.0  -999.0  -999.0   254.0  -999.0    95.4  -999.0 -999.000 -999.0 -999.0    2.492   65.6413846   38.8981996  269.5  100
 2009    8  116  978.08    2.30    1.66   84.9 -999.00    0.00  -999.0  -999.0  -999.0   211.2  -999.0    54.6  -999.0 -999.000 -999.0 -999.0    2.340   65.6413587   38.8982125  269.2  100
 2009    9  117  969.27   -0.33   -1.12   79.5 -999.00    0.00  -999.0  -999.0  -999.0   126.5  -999.0    44.0  -999.0 -999.000 -999.0 -999.0    2.126   65.6413423   38.8982167  267.6  100
 2009   10  118  977.82   -4.17   -5.05   76.3 -999.00    0.00  -999.0  -999.0  -999.0    64.2  -999.0    34.9  -999.0 -999.000 -999.0 -999.0    1.794   65.6413337   38.8982268  267.1  100
 2009   11  119  969.04   -5.76   -6.72   80.2 -999.00    0.00  -999.0  -999.0  -999.0    10.8  -999.0     7.9  -999.0 -999.000 -999.0 -999.0    1.748 -999.0000000 -999.0000000 -999.0  100
 2009   12  120  981.33   -5.28   -6.27   71.2 -999.00    0.00  -999.0  -999.0  -999.0     4.0  -999.0     2.0  -999.0 -999.000 -999.0 -999.0    1.751 -999.0000000 -999.0000000 -999.0  100
 2010    1  121  971.30   -2.97   -3.95   76.6 -999.00    0.00  -999.0  -999.0  -999.0     9.4  -999.0     4.8  -999.0 -999.000 -999.0 -999.0    1.697 -999.0000000 -999.0000000 -999.0  100
 2010    2  122  985.44   -7.57   -8.52   76.6 -999.00    0.00  -999.0  -999.0  -999.0    54.9  -999.0    27.8  -999.0 -999.000 -999.0 -999.0    1.414 -999.0000000 -999.0000000 -999.0   46
 2010    3  123 -999.00   -7.24  -28.18 -999.0 -999.00    0.00   360.0  -999.0  -999.0  -999.0  -999.0  -999.0  -999.0 -999.000 -999.0 -999.0    1.253 -999.0000000 -999.0000000 -999.0 -999
 2010    4  124 -999.00 -999.00 -999.00 -999.0 -999.00 -999.00  -999.0  -999.0  -999.0  -999.0  -999.0  -999.0  -999.0 -999.000 -999.0 -999.0 -999.000 -999.0000000 -999.0000000 -999.0 -999
 2010    5  125 -999.00 -999.00 -999.00 -999.0 -999.00 -999.00  -999.0  -999.0  -999.0  -999.0  -999.0  -999.0  -999.0 -999.000 -999.0 -999.0 -999.000 -999.0000000 -999.0000000 -999.0 -999
 2010    6  126 -999.00 -999.00 -999.00 -999.0 -999.00 -999.00  -999.0  -999.0  -999.0  -999.0  -999.0  -999.0  -999.0 -999.000 -999.0 -999.0 -999.000 -999.0000000 -999.0000000 -999.0 -999
 2010    7  127 -999.00 -999.00 -999.00 -999.0 -999.00 -999.00  -999.0  -999.0  -999.0  -999.0  -999.0  -999.0  -999.0 -999.000 -999.0 -999.0 -999.000 -999.0000000 -999.0000000 -999.0 -999
 2010    8  128 -999.00    2.81 -999.00 -999.0 -999.00    2.90     0.3  -999.0  -999.0  -999.0  -999.0  -999.0  -999.0 -999.000 -999.0 -999.0    2.444 -999.0000000 -999.0000000 -999.0   50
 2010    9  129 -999.00 -999.00 -999.00 -999.0 -999.00 -999.00  -999.0  -999.0  -999.0  -999.0  -999.0  -999.0  -999.0 -999.000 -999.0 -999.0 -999.000 -999.0000000 -999.0000000 -999.0 -999
 2010   10  130 -999.00 -999.00 -999.00 -999.0 -999.00 -999.00  -999.0  -999.0  -999.0  -999.0  -999.0  -999.0  -999.0 -999.000 -999.0 -999.0 -999.000 -999.0000000 -999.0000000 -999.0  100
 2010   11  131  984.96   -5.97   -5.98   72.7    1.77    3.50    54.7    22.0    -6.2     9.6     8.0     7.7     7.6 -999.000  247.5  277.0    2.614   65.6411606   38.8982421  267.6  100
 2010   12  132  988.10   -4.07   -4.08   64.7    1.71    6.57    51.2    60.0   -39.2     1.2     1.3     1.7     1.2 -999.000  243.1  284.4    2.467   65.6411533   38.8982546  267.2  100
 2011    1  133  976.73   -8.15   -8.19   74.0    1.51    4.78    52.5    31.5   -12.3     4.3     5.3     4.8     4.5 -999.000  239.7  269.3    2.427   65.6411337   38.8982582  265.2  100
 2011    2  134  957.02   -6.67   -6.62   72.3    1.77    6.92    82.0    30.0   -15.3    28.7    30.9    25.4    25.1 -999.000  247.9  275.2    2.227   65.6411310   38.8982403  262.6  100
 2011    3  135  964.13  -12.32  -17.00   76.9    0.99    9.44    43.3     0.7   -16.6    92.6  -999.0    72.0  -999.0 -999.000  215.5  250.8    2.220   65.6411313   38.8982683  265.1   96
 2011    4  136 -999.00 -999.00 -999.00 -999.0 -999.00 -999.00  -999.0  -999.0  -999.0  -999.0  -999.0  -999.0  -999.0    0.915 -999.0 -999.0    1.785 -999.0000000 -999.0000000 -999.0   37
 2011    5  137 -999.00 -999.00 -999.00 -999.0 -999.00 -999.00  -999.0  -999.0  -999.0  -999.0  -999.0  -999.0  -999.0    0.855 -999.0 -999.0    1.814 -999.0000000 -999.0000000 -999.0    9
 2011    6  138 -999.00    2.18    2.73   69.7 -999.00    3.73    44.8  -999.0  -999.0   352.3   342.6   223.8   222.8    0.691  255.5  307.0    2.280 -999.0000000 -999.0000000 -999.0 -999
 2011    7  139 -999.00 -999.00 -999.00 -999.0 -999.00 -999.00  -999.0  -999.0  -999.0  -999.0  -999.0  -999.0  -999.0 -999.000 -999.0 -999.0    2.409 -999.0000000 -999.0000000 -999.0 -999
 2011    8  140 -999.00 -999.00 -999.00 -999.0 -999.00 -999.00  -999.0  -999.0  -999.0  -999.0  -999.0  -999.0  -999.0    0.355 -999.0 -999.0 -999.000 -999.0000000 -999.0000000 -999.0 -999
 2011    9  141  970.58    1.01    1.27   78.3    3.31    2.47   358.2  -999.0  -999.0    81.0    76.0    24.6    24.3    0.319  299.7  315.2 -999.000 -999.0000000 -999.0000000 -999.0 -999
 2011   10  142 -999.00 -999.00 -999.00 -999.0 -999.00 -999.00  -999.0  -999.0  -999.0  -999.0  -999.0  -999.0  -999.0 -999.000 -999.0 -999.0 -999.000 -999.0000000 -999.0000000 -999.0  100
 2011   11  143 -999.00 -999.00 -999.00 -999.0 -999.00 -999.00  -999.0  -999.0  -999.0  -999.0  -999.0  -999.0  -999.0 -999.000 -999.0 -999.0 -999.000 -999.0000000 -999.0000000 -999.0 -999
 2011   12  144 -999.00 -999.00 -999.00 -999.0 -999.00 -999.00  -999.0  -999.0  -999.0  -999.0  -999.0  -999.0  -999.0 -999.000 -999.0 -999.0 -999.000 -999.0000000 -999.0000000 -999.0 -999
 2012    1  145 -999.00 -999.00 -999.00 -999.0 -999.00 -999.00  -999.0  -999.0  -999.0  -999.0  -999.0  -999.0  -999.0 -999.000 -999.0 -999.0 -999.000 -999.0000000 -999.0000000 -999.0 -999
 2012    2  146 -999.00 -999.00 -999.00 -999.0 -999.00 -999.00  -999.0  -999.0  -999.0  -999.0  -999.0  -999.0  -999.0 -999.000 -999.0 -999.0    2.034 -999.0000000 -999.0000000 -999.0 -999
 2012    3  147 -999.00   -6.71   -6.35   71.6 -999.00    5.83     7.6  -999.0  -999.0   119.7  -999.0  -999.0  -999.0 -999.000  260.2  270.1    2.127 -999.0000000 -999.0000000 -999.0 -999
 2012    4  148  984.47   -3.56   -3.15   69.2    1.99    2.65     8.5     8.1   -13.0   180.6   185.3   143.2   145.8    0.820  267.4  293.4    2.179 -999.0000000 -999.0000000 -999.0 -999
 2012    5  149  987.91    1.40    0.63   67.1    2.81    2.22     4.1    12.6    -6.9   282.4   278.0   206.3   201.5    0.736  269.4  306.8    2.264 -999.0000000 -999.0000000 -999.0 -999
 2012    6  150  988.59    3.92    2.91   72.8    3.65    1.91   351.5    10.2    -0.2   346.0   348.8   174.5   174.1    0.506  265.6  314.6    2.638 -999.0000000 -999.0000000 -999.0 -999
 2012    7  151  983.26    3.92    2.89   78.4    4.00    3.16   350.7    27.9     1.1   273.3   276.2    86.4    86.3    0.312  292.9  316.8    2.664 -999.0000000 -999.0000000 -999.0 -999
 2012    8  152  981.77    3.43    2.33   80.3    3.98    3.27   349.2    26.7     2.8   214.6   216.1    60.5    59.6    0.277  284.3  315.4    2.659 -999.0000000 -999.0000000 -999.0 -999
 2012    9  153  974.83    1.39    0.27   76.3    3.29    4.03   343.9    33.4   -19.7   126.3   121.3    40.1    38.8    0.343  271.0  310.6    2.618 -999.0000000 -999.0000000 -999.0   80
 2012   10  154  983.08   -1.23   -2.42   74.6    2.58    4.55   345.5    34.1   -16.5    48.5    46.4    28.3    26.2 -999.000  264.0  298.8    2.604 -999.0000000 -999.0000000 -999.0  100
 2012   11  155  973.89   -5.72   -6.99   73.7    1.82    6.70   347.0    40.0   -11.1    13.5    11.9     7.6     7.4 -999.000  243.0  278.4    2.608 -999.0000000 -999.0000000 -999.0  100
 2012   12  156  976.51   -5.57   -6.86   79.7    2.03    5.24   360.0    29.6    -2.6     1.6     1.6     1.7     1.1 -999.000  254.6  279.5    2.569 -999.0000000 -999.0000000 -999.0  100
 2013    1  157  964.94   -3.98   -5.24   77.4    2.30    6.11    28.0    38.7    -9.6     5.0     5.4     4.6     4.3 -999.000  268.0  286.0    2.453 -999.0000000 -999.0000000 -999.0  100
 2013    2  158  973.67   -5.10   -6.32   82.7    2.10    4.08  -999.0    29.6    -3.3    29.1    31.0    25.9    26.5 -999.000  262.7  282.7    2.198 -999.0000000 -999.0000000 -999.0  100
 2013    3  159  993.67   -7.88   -9.07   75.2    1.65    6.26   352.4    38.3    -4.7   114.5   104.6    88.6    87.8 -999.000  230.6  268.7    2.113 -999.0000000 -999.0000000 -999.0  100
 2013    4  160  982.32   -6.77   -7.73   72.7    1.66    5.48   339.0    27.9    -8.2   218.7   208.3   169.4   169.2    0.819  229.3  274.4    2.105 -999.0000000 -999.0000000 -999.0  100
 2013    5  161  980.85   -0.21   -1.07   80.0    3.00    4.50   346.3    24.3   -16.9   244.7   246.1   194.4   196.4    0.816  282.0  308.0    2.042 -999.0000000 -999.0000000 -999.0  100
 2013    6  162  978.38    3.23    2.38   82.8    4.05    2.61   354.6    17.6     2.4   273.9   272.2   155.5   155.0    0.590  294.5  317.0    2.442 -999.0000000 -999.0000000 -999.0  100
 2013    7  163  979.97    3.52    2.54   80.8    4.01    3.23   338.0    30.7     1.4   259.5   257.9    89.1    88.8    0.341  290.5  316.6    2.561 -999.0000000 -999.0000000 -999.0  100
 2013    8  164  972.94    2.72    1.83   80.4    3.82    3.32   344.8    24.2    -6.4   188.6   186.5    57.8    57.2    0.307  284.1  314.7    2.584 -999.0000000 -999.0000000 -999.0  100
 2013    9  165 -999.00    0.05 -999.00 -999.0 -999.00    5.07    10.8  -999.0  -999.0  -999.0  -999.0  -999.0  -999.0 -999.000 -999.0 -999.0    2.600   65.6406965   38.8984422  260.8  100
 2013   10  166 -999.00   -4.13 -999.00 -999.0 -999.00    3.62     4.0  -999.0  -999.0  -999.0  -999.0  -999.0  -999.0 -999.000 -999.0 -999.0    2.595   65.6406833   38.8984453  260.4  100
 2013   11  167 -999.00   -5.92 -999.00 -999.0 -999.00    7.25     9.9  -999.0  -999.0  -999.0  -999.0  -999.0  -999.0 -999.000 -999.0 -999.0    2.603   65.6406671   38.8984662  260.5  100
 2013   12  168 -999.00   -8.83 -999.00 -999.0 -999.00    6.93     3.0  -999.0  -999.0  -999.0  -999.0  -999.0  -999.0 -999.000 -999.0 -999.0    2.599   65.6406649   38.8984631  260.7  100
 2014    1  169 -999.00   -4.01 -999.00 -999.0 -999.00    5.51     4.6  -999.0  -999.0  -999.0  -999.0  -999.0  -999.0 -999.000 -999.0 -999.0    2.390   65.6406602   38.8984749  260.5  100
 2014    2  170 -999.00   -5.10 -999.00 -999.0 -999.00    6.04     0.6  -999.0  -999.0  -999.0  -999.0  -999.0  -999.0 -999.000 -999.0 -999.0    2.328 -999.0000000 -999.0000000 -999.0  100
 2014    3  171 -999.00   -7.31 -999.00 -999.0 -999.00    6.44    26.2  -999.0  -999.0  -999.0  -999.0  -999.0  -999.0 -999.000 -999.0 -999.0 -999.000   65.6406163   38.8984291  263.7  100
 2014    4  172  975.13   -3.45   -3.09   82.8    2.52    4.40    44.1  -999.0  -999.0   166.7   164.2   132.9   136.2    0.831  275.8  295.6 -999.000   65.6406279   38.8984460  262.9  100
 2014    5  173  983.70    0.39    1.11   70.3    2.77    3.33    33.0  -999.0  -999.0   264.1   260.0   175.4   174.0    0.693  268.6  309.0 -999.000   65.6406138   38.8984600  262.2  100
 2014    6  174  986.75    2.79    3.23   80.5    3.78    2.80    40.1  -999.0  -999.0   243.0   243.5   106.4   106.3    0.410  296.8  316.9 -999.000   65.6405977   38.8984793  261.7  100
 2014    7  175  981.35    2.77    3.18   81.1    3.82    2.98    33.6  -999.0  -999.0   288.6   286.3    89.4    88.6    0.307  282.5  316.4 -999.000   65.6405782   38.8984800  260.9  100
 2014    8  176  984.09    3.73 -999.00 -999.0 -999.00    3.87  -999.0  -999.0  -999.0  -999.0  -999.0  -999.0  -999.0    0.289 -999.0 -999.0    2.615   65.6405540   38.8984558  259.1  100
 2014    9  177 -999.00    1.85 -999.00 -999.0 -999.00    4.65  -999.0  -999.0  -999.0  -999.0  -999.0  -999.0  -999.0 -999.000 -999.0 -999.0    2.621   65.6405324   38.8984604  258.4  100
 2014   10  178 -999.00   -3.83 -999.00 -999.0 -999.00    5.82  -999.0  -999.0  -999.0  -999.0  -999.0  -999.0  -999.0 -999.000 -999.0 -999.0    2.616   65.6405211   38.8984713  258.3  100
 2014   11  179 -999.00   -3.81 -999.00 -999.0 -999.00    4.16  -999.0  -999.0  -999.0  -999.0  -999.0  -999.0  -999.0 -999.000 -999.0 -999.0    2.469   65.6405052   38.8984875  257.9  100
 2014   12  180 -999.00   -7.87 -999.00 -999.0 -999.00    9.37  -999.0  -999.0  -999.0  -999.0  -999.0  -999.0  -999.0 -999.000 -999.0 -999.0    2.489   65.6404955   38.8984950  257.9  100
 2015    1  181 -999.00   -7.73 -999.00 -999.0 -999.00    7.25  -999.0  -999.0  -999.0  -999.0  -999.0  -999.0  -999.0 -999.000 -999.0 -999.0    2.514 -999.0000000 -999.0000000 -999.0  100
 2015    2  182 -999.00  -11.20 -999.00 -999.0 -999.00    8.39  -999.0  -999.0  -999.0  -999.0  -999.0  -999.0  -999.0 -999.000 -999.0 -999.0    2.542   65.6404744   38.8984729  261.4  100
 2015    3  183 -999.00   -6.09 -999.00 -999.0 -999.00    6.91  -999.0  -999.0  -999.0  -999.0  -999.0  -999.0  -999.0 -999.000 -999.0 -999.0    2.514 -999.0000000 -999.0000000 -999.0 -999
 2015    4  184 -999.00   -5.16 -999.00 -999.0 -999.00    4.06  -999.0  -999.0  -999.0  -999.0  -999.0  -999.0  -999.0 -999.000 -999.0 -999.0    2.247   65.6404635   38.8984803  260.6  100
 2015    5  185 -999.00   -1.34 -999.00 -999.0 -999.00    3.57  -999.0  -999.0  -999.0  -999.0  -999.0  -999.0  -999.0 -999.000 -999.0 -999.0    2.270   65.6404524   38.8984906  260.4 -999
 2015    6  186 -999.00    2.49 -999.00 -999.0 -999.00    2.68  -999.0  -999.0  -999.0  -999.0  -999.0  -999.0  -999.0 -999.000 -999.0 -999.0    2.493   65.6404405   38.8985108  260.3  100
 2015    7  187 -999.00    3.12 -999.00 -999.0 -999.00    2.76  -999.0  -999.0  -999.0  -999.0  -999.0  -999.0  -999.0 -999.000 -999.0 -999.0    2.600   65.6404195   38.8985158  258.9  100
 2015    8  188 -999.00    2.41 -999.00 -999.0 -999.00    1.11  -999.0  -999.0  -999.0  -999.0  -999.0  -999.0  -999.0 -999.000 -999.0 -999.0    2.225   65.6404043   38.8985162  255.9  100
 2015    9  189  974.92    1.88    1.98   85.8    3.87    0.00  -999.0     0.0     0.0    87.0    75.6    26.2    21.8    0.303  296.2  313.1    2.297 -999.0000000 -999.0000000 -999.0  100
 2015   10  190  971.02   -2.36   -2.25   79.7    2.71    0.00  -999.0     0.0     0.0    55.3    50.6    32.5    21.8 -999.000  266.9  295.6    2.159 -999.0000000 -999.0000000 -999.0  100
 2015   11  191  966.29   -5.71   -5.70   72.2    1.86    0.00  -999.0  -999.0  -999.0    13.3    14.1     9.2     7.3 -999.000  243.0  275.4 -999.000 -999.0000000 -999.0000000 -999.0  100
 2015   12  192  960.33   -7.24   -7.25   74.0    1.64    0.00  -999.0  -999.0  -999.0     1.6     1.5     1.6     1.0 -999.000  244.0  272.0 -999.000   65.6403438   38.8985265  254.2  100
 2016    1  193  968.25   -5.09   -5.11   72.5    2.05    0.00  -999.0  -999.0  -999.0     5.7     5.5     4.8     4.1 -999.000  251.4  279.5 -999.000   65.6403438   38.8985265  254.2   61
 2016    2  194  970.26   -6.17   -6.16   71.1    1.74    0.00  -999.0  -999.0  -999.0    31.2    29.5    24.3    24.5 -999.000  247.2  273.9 -999.000   65.6403438   38.8985265  254.2   10
 2016    3  195  969.30   -4.82   -4.50   79.2    2.18    0.00  -999.0  -999.0  -999.0   105.5    89.2    79.2    71.3 -999.000  260.3  284.0 -999.000   65.6403438   38.8985265  254.2   90
 2016    4  196  986.28   -0.86   -0.32   69.9    2.49    0.00  -999.0  -999.0  -999.0   212.1   189.0   147.7   131.1    0.710  260.1  300.4 -999.000   65.6403254   38.8985479  253.4  100
 2016    5  197  982.54    0.07    0.70   76.4    2.94    0.00  -999.0  -999.0  -999.0   267.8   263.7   167.4   161.1    0.630  263.3  308.1 -999.000   65.6403022   38.8985615  253.4  100
 2016    6  198  982.91    2.95    3.17   86.4    4.14    0.00  -999.0  -999.0  -999.0   227.7   234.5    71.4    71.2    0.302  303.2  315.7 -999.000   65.6402755   38.8985703  255.8  100
 2016    7  199  985.68    3.16    3.41   80.5    3.89    0.00  -999.0  -999.0  -999.0   304.0   325.2    72.8    72.8    0.223  279.3  315.0 -999.000   65.6402538   38.8985845  253.4  100
 2016    8  200  981.28 -999.00 -999.00 -999.0 -999.00    2.20  -999.0  -999.0  -999.0   217.5  -999.0    53.3  -999.0 -999.000 -999.0 -999.0 -999.000   65.6402433   38.8985506  252.7   35
 2016    9  201  972.04 -999.00 -999.00 -999.0 -999.00    3.38    26.0  -999.0  -999.0   135.8  -999.0    39.4  -999.0 -999.000 -999.0 -999.0 -999.000   65.6402355   38.8985248  251.9 -999
 2016   10  202  972.03 -999.00 -999.00 -999.0 -999.00    5.50    47.0  -999.0  -999.0    34.3  -999.0    15.2  -999.0 -999.000 -999.0 -999.0 -999.000   65.6402198   38.8985300  250.9 -999
 2016   11  203  970.29 -999.00 -999.00 -999.0 -999.00    9.40    20.1  -999.0  -999.0    12.5  -999.0     9.1  -999.0 -999.000 -999.0 -999.0 -999.000   65.6402064   38.8985323  249.6 -999
 2016   12  204  960.76 -999.00 -999.00 -999.0 -999.00    7.35    27.6  -999.0  -999.0     1.0  -999.0     2.1  -999.0 -999.000 -999.0 -999.0 -999.000   65.6402030   38.8985353  250.9 -999
 2017    1  205  969.23 -999.00 -999.00 -999.0 -999.00    6.32    24.6  -999.0  -999.0     5.8  -999.0     6.0  -999.0 -999.000 -999.0 -999.0 -999.000   65.6401948   38.8985345  250.9 -999
 2017    2  206  964.28 -999.00 -999.00 -999.0 -999.00    4.34    51.6  -999.0  -999.0    39.0  -999.0    30.9  -999.0 -999.000 -999.0 -999.0 -999.000   65.6401871   38.8985432  251.7 -999
 2017    3  207  973.02 -999.00 -999.00 -999.0 -999.00    4.33    28.3  -999.0  -999.0   125.8  -999.0    98.8  -999.0 -999.000 -999.0 -999.0 -999.000   65.6401726   38.8985652  252.2 -999
 2017    4  208  979.72 -999.00 -999.00 -999.0 -999.00    4.57    44.4  -999.0  -999.0   215.0  -999.0   183.5  -999.0 -999.000 -999.0 -999.0 -999.000   65.6401603   38.8985510  251.3 -999
 2017    5  209  988.34 -999.00 -999.00 -999.0 -999.00    2.19    20.7  -999.0  -999.0   288.7  -999.0   210.1  -999.0 -999.000 -999.0 -999.0 -999.000   65.6401483   38.8985598  252.5 -999
 2017    6  210  980.27 -999.00 -999.00 -999.0 -999.00    2.17    24.0  -999.0  -999.0   372.7  -999.0   160.4  -999.0 -999.000 -999.0 -999.0 -999.000   65.6401350   38.8985734  252.2 -999
 2017    7  211  978.19 -999.00 -999.00 -999.0 -999.00    2.84    23.3  -999.0  -999.0   278.6  -999.0    73.2  -999.0 -999.000 -999.0 -999.0 -999.000   65.6401269   38.8985852  250.7   12
 2017    8  212  981.45    2.68    2.71   81.9    3.79    2.92    12.4    22.5    -3.0   201.0   197.2    58.4    58.5    0.290  284.4  318.5    2.574   65.6401324   38.8986172  249.5  100
 2017    9  213  974.12    2.07    2.03   77.9    3.54    3.42    16.0    21.4    -6.6    94.3    86.4    26.4    26.1    0.293  291.1  316.2    2.649   65.6401160   38.8986169  248.7  100
 2017   10  214  973.93    0.44    0.37   71.4    2.87    3.57    12.6    21.2   -21.0    50.7    42.1    19.8    17.3 -999.000  275.6  308.9    2.669   65.6401041   38.8986208  247.9  100
 2017   11  215  980.45   -6.02   -6.12   72.0    1.80    7.24    16.2    25.1   -18.7    10.6    10.6     6.0     5.2 -999.000  250.5  281.1    2.576   65.6400960   38.8986176  247.5  100
 2017   12  216  975.61   -7.14   -7.24   65.9    1.52    6.83    16.2    34.1   -18.6     1.4     1.5     1.5     0.9 -999.000  241.4  273.6    2.578   65.6400877   38.8986410  248.6  100
 2018    1  217  966.09   -6.56   -6.66   68.6    1.59    6.61    16.8    33.5   -18.9     4.7     5.1     3.6     3.5 -999.000  253.7  276.0    2.574   65.6400810   38.8986251  248.9  100
 2018    2  218  958.71   -7.75   -7.82   76.2    1.69    8.70    24.7    27.0   -14.4    32.7    28.4    21.8    21.3 -999.000  250.3  274.3    2.565   65.6400718   38.8986255  248.0  100
 2018    3  219  982.96   -6.48   -6.39   72.1    1.75    4.38    17.0    18.1   -10.3   106.4    98.4    81.5    81.3 -999.000  251.0  278.6    2.500   65.6400609   38.8986220  249.3  100
 2018    4  220  978.85   -3.69   -3.38   76.4    2.30    4.24    23.1     9.9   -16.0   180.8   173.0   144.5   146.0    0.856  267.8  296.0    2.193   65.6400464   38.8986436  249.2  100
 2018    5  221  970.50   -1.70   -1.31   68.8    2.48    5.76    20.8    24.6   -33.9   252.5   244.6   195.5   196.8    0.811  267.8  303.5    2.229   65.6400383   38.8986473  249.3  100
 2018    6  222  980.61    1.75    2.01   86.8    3.83    2.06    22.0     8.4    -0.8   237.6   235.7   144.1   144.3    0.615  303.3  318.5    2.567   65.6400234   38.8986590  249.8  100
 2018    7  223  977.33    3.15    3.16   83.8    4.06    2.96    12.3    25.4    -0.6   232.1   229.7    73.5    73.4    0.319  299.4  319.7    2.635   65.6400041   38.8986711  249.0   87
 2018    8  224  977.23    2.86    2.85   81.9    3.91    3.07    23.0    22.6    -2.7   186.4   180.0    54.4    54.4    0.295  296.0  318.9    2.618   65.6399848   38.8986758  247.2  100
 2018    9  225  976.89    0.76    0.70   80.9    3.38    3.45    18.7  -999.0  -999.0    92.5    86.4    33.8    35.1    0.388  289.6  312.8    2.637   65.6399685   38.8986772  246.1   93
 2018   10  226  970.51   -4.47   -4.59   91.1    2.50    1.40   215.0  -999.0  -999.0    18.3     8.3     6.2     6.7 -999.000  280.5  295.7 -999.000   65.6399262   38.8987219  244.5   51
 2018   11  227  978.80   -5.28   -5.42   98.8 -999.00    1.00    54.6  -999.0  -999.0    -0.3  -999.0     0.4  -999.0 -999.000 -999.0 -999.0 -999.000   65.6399203   38.8987200  245.4   43
 2018   12  228  972.02   -6.86   -7.10   93.6 -999.00    0.41  -999.0  -999.0  -999.0    -0.1  -999.0     0.2  -999.0 -999.000 -999.0 -999.0 -999.000   65.6398988   38.8987116  244.2   58
 2019    1  229  975.83   -8.22   -8.27   99.0 -999.00    0.05  -999.0  -999.0  -999.0    -0.1  -999.0    -0.1  -999.0 -999.000 -999.0 -999.0 -999.000 -999.0000000 -999.0000000 -999.0   96
 2019    2  230  972.63   -7.02   -7.13   99.3 -999.00    0.00  -999.0  -999.0  -999.0     0.1  -999.0     0.2  -999.0 -999.000 -999.0 -999.0 -999.000 -999.0000000 -999.0000000 -999.0  100
 2019    3  231  967.50   -4.89   -5.00  100.0 -999.00    0.00  -999.0  -999.0  -999.0     0.0  -999.0     0.0  -999.0 -999.000 -999.0 -999.0 -999.000   65.6398563   38.8987614  248.3  100
 2019    4  232  979.47   -1.40   -2.53   99.6 -999.00    0.28  -999.0  -999.0  -999.0     0.4  -999.0     0.2  -999.0 -999.000 -999.0 -999.0 -999.000   65.6398697   38.8987495  246.4  100
 2019    5  233  993.56    0.57    1.23   88.9 -999.00    1.88     9.6  -999.0  -999.0   175.3  -999.0   160.6  -999.0 -999.000 -999.0 -999.0    2.484   65.6398838   38.8987117  245.9  100
 2019    6  234  990.28    2.50    2.91   82.6 -999.00    2.61    10.1  -999.0  -999.0   210.5  -999.0   112.9  -999.0 -999.000 -999.0 -999.0    2.466   65.6398695   38.8987139  244.9  100
 2019    7  235  986.77    2.80    3.06   87.5 -999.00    2.83     0.6  -999.0  -999.0   189.0  -999.0    76.1  -999.0 -999.000 -999.0 -999.0    2.443   65.6398504   38.8987177  243.4   77
 2019    8  236  984.58    2.14    2.42   86.2 -999.00    2.54     2.0  -999.0  -999.0   163.8  -999.0    66.2  -999.0 -999.000 -999.0 -999.0    2.465   65.6398320   38.8987275  241.8  100
 2019    9  237  978.45    1.07    1.20   80.3 -999.00    3.60   359.7  -999.0  -999.0    79.1  -999.0    32.0  -999.0 -999.000 -999.0 -999.0    2.348   65.6398196   38.8987388  240.7  100
 2019   10  238  983.41   -2.40   -2.31   73.7 -999.00    3.43    11.6  -999.0  -999.0    36.2  -999.0    22.4  -999.0 -999.000 -999.0 -999.0    2.021   65.6398034   38.8987450  240.2  100
 2019   11  239  979.34   -3.40   -3.41   72.7 -999.00    5.28    24.1  -999.0  -999.0     7.1  -999.0     7.4  -999.0 -999.000 -999.0 -999.0    2.252   65.6397958   38.8987507  240.6   46
 2019   12  240  971.22   -7.89   -7.87   74.8 -999.00    4.77     7.7  -999.0  -999.0     0.7  -999.0     2.3  -999.0 -999.000 -999.0 -999.0    2.370   65.6397887   38.8987546  241.2   70
 2020    1  241  956.14   -9.26   -9.03   79.1 -999.00    9.73     4.8  -999.0  -999.0     3.1  -999.0     4.8  -999.0 -999.000 -999.0 -999.0    2.481   65.6397821   38.8987628  240.0    6
 2020    2  242  956.52   -7.48   -7.17   78.6 -999.00    5.04    33.7  -999.0  -999.0    23.7  -999.0    31.0  -999.0 -999.000 -999.0 -999.0    2.189   65.6397697   38.8987621  239.4 -999
 2020    3  243  971.81   -8.39   -8.02   76.3 -999.00    5.53    17.8  -999.0  -999.0    76.2  -999.0    94.4  -999.0 -999.000 -999.0 -999.0    2.168   65.6397665   38.8987540  240.9    6
 2020    4  244  982.97   -2.18   -1.81   77.3 -999.00    5.56    19.4  -999.0  -999.0   133.0  -999.0   162.4  -999.0 -999.000 -999.0 -999.0    2.237   65.6397571   38.8987672  241.6 -999
 2020    5  245  983.98    1.45    1.85   72.7 -999.00    2.80    15.2  -999.0  -999.0   202.2  -999.0   220.8  -999.0 -999.000 -999.0 -999.0    2.247   65.6397454   38.8987740  242.2 -999
 2020    6  246  983.98    2.99    3.35   85.9 -999.00    2.79    20.3  -999.0  -999.0   143.1  -999.0    83.7  -999.0 -999.000 -999.0 -999.0    2.495   65.6397281   38.8987848  242.7 -999
 2020    7  247  983.20    2.73    3.16   84.2 -999.00    2.70     9.0  -999.0  -999.0   219.5  -999.0    84.3  -999.0 -999.000 -999.0 -999.0    2.466   65.6397106   38.8987890  241.0 -999
 2020    8  248  978.61    2.65  -13.69   83.4 -999.00    3.18     4.6  -999.0  -999.0   144.8  -999.0    52.9  -999.0 -999.000 -999.0 -999.0    2.461   65.6396856   38.8987967  239.5   41
 2020    9  249  973.59   -0.47  -41.12   82.1    3.14    4.17     6.5    22.8   -18.0    73.3    79.5    46.3    31.2 -999.000  273.4  306.2    2.428   65.6396612   38.8988029  238.4  100
 2020   10  250  980.12   -0.17  -40.86   80.9    3.10    3.09    12.0    21.8    -6.6    28.9    31.1    27.5    14.7 -999.000  284.6  305.0    2.430   65.6396490   38.8988099  238.7  100
 2020   11  251  966.12   -6.18  -46.99   76.9    1.94    7.13     7.7    34.6    -9.3     7.4     6.7     8.5     3.7 -999.000  245.9  276.9    2.419 -999.0000000 -999.0000000 -999.0   33
 2020   12  252  978.64   -6.53  -47.34   75.3    1.77    7.37   350.6    33.1    -3.8     1.0     1.3     2.1     0.9 -999.000  244.9  273.0    2.436   65.6396275   38.8988249  238.3   32
 2021    1  253  984.74   -7.78  -48.59   79.1    1.75    5.40     0.4    29.1    -4.9     4.0     3.3     6.5     2.5 -999.000  245.8  269.5    2.273   65.6396228   38.8988206  239.3 -999
 2021    2  254  972.98   -4.54  -45.33   79.5    2.21    3.91    15.4    28.6    -6.4    21.6    23.9    31.7    19.7 -999.000  264.7  285.1    1.902   65.6396160   38.8988291  238.2 -999
 2021    3  255  973.88   -6.33  -47.19   78.1    2.04    5.72    16.0    28.0    -6.9    73.7    86.9    94.3    78.6 -999.000  247.7  277.7    1.672   65.6396036   38.8988301  238.6 -999
 2021    4  256  990.01   -2.00  -43.00   73.6    2.45    4.79   356.2    19.3    -6.9   142.0   184.0   174.5   168.8 -999.000  257.5  291.6    1.619   65.6395937   38.8988395  240.2 -999
 2021    5  257  989.83    1.29  -39.74   69.5    2.83    2.92    34.5    20.8    -2.3   196.7   244.3   222.2   199.4 -999.000  256.6  302.0    1.984   65.6395844   38.8988401  240.6 -999
 2021    6  258  980.22    4.07  -36.74   71.1    3.63    3.55   356.0    41.9    -9.2   223.6   264.8   151.3   141.3    0.595  270.4  311.8    2.428   65.6395685   38.8988474  240.7 -999
 2021    7  259  980.04    4.39  -36.29   79.0    4.16    3.97    33.3    45.5    -0.8   189.3   222.0    69.0    64.8    0.322  294.3  314.5    2.452   65.6395498   38.8988627  238.8 -999
 2021    8  260  982.02    4.40  -36.28   81.9    4.32    3.80    43.1    43.8     9.4   122.3   138.9    40.9    37.3    0.297  310.6  315.6    2.444   65.6395330   38.8988751  236.7 -999
 2021    9  261  975.28    0.73   -8.78   74.9    3.14    4.39    19.4  -999.0  -999.0    86.5    87.6    44.0    43.0    0.510  255.8  306.8    2.396   65.6395081   38.8989083  236.1 -999
 2021   10  262  981.69   -1.82   -2.58   68.9    2.36    4.53    15.5  -999.0  -999.0    40.0  -999.0    35.5  -999.0 -999.000  238.3  292.0    2.384   65.6394982   38.8989144  234.9 -999
 2021   11  263  976.57   -4.96   -5.90   80.7 -999.00    5.70    14.9  -999.0  -999.0     6.4  -999.0     8.8  -999.0 -999.000  256.4  282.6    2.388   65.6394876   38.8989215  234.8 -999
 2021   12  264  973.39   -5.32   -6.62   71.8 -999.00    5.61    33.4  -999.0  -999.0     0.2  -999.0     2.0  -999.0 -999.000  237.9  273.0    2.448   65.6394824   38.8989327  235.6 -999
 2022    1  265 -999.00 -999.00 -999.00 -999.0 -999.00 -999.00  -999.0  -999.0  -999.0  -999.0  -999.0  -999.0  -999.0 -999.000 -999.0 -999.0 -999.000 -999.0000000 -999.0000000 -999.0 -999
