 Year MonthOfYear MonthOfCentury AirPressure(hPa) AirTemperature(C) AirTemperatureHygroClip(C) RelativeHumidity(%) SpecificHumidity(g/kg) WindSpeed(m/s) WindDirection(d) SensibleHeatFlux(W/m2) LatentHeatFlux(W/m2) ShortwaveRadiationDown(W/m2) ShortwaveRadiationDown_Cor(W/m2) ShortwaveRadiationUp(W/m2) ShortwaveRadiationUp_Cor(W/m2) Albedo_theta<70d LongwaveRadiationDown(W/m2) LongwaveRadiationUp(W/m2) HeightSensorBoom(m) LatitudeGPS_HDOP<1(degN) LongitudeGPS_HDOP<1(degW) ElevationGPS_HDOP<1(m) FanOK(%)
 2010    8  128 -999.00 -999.00 -999.00 -999.0 -999.00 -999.00  -999.0  -999.0  -999.0  -999.0  -999.0  -999.0  -999.0 -999.000 -999.0 -999.0 -999.000 -999.0000000 -999.0000000 -999.0  100
 2010    9  129 -999.00 -999.00 -999.00 -999.0 -999.00 -999.00  -999.0  -999.0  -999.0  -999.0  -999.0  -999.0  -999.0 -999.000 -999.0 -999.0 -999.000 -999.0000000 -999.0000000 -999.0  100
 2010   10  130 -999.00 -999.00 -999.00 -999.0 -999.00 -999.00  -999.0  -999.0  -999.0  -999.0  -999.0  -999.0  -999.0 -999.000 -999.0 -999.0 -999.000 -999.0000000 -999.0000000 -999.0 -999
 2010   11  131 -999.00 -999.00 -999.00 -999.0 -999.00 -999.00  -999.0  -999.0  -999.0  -999.0  -999.0  -999.0  -999.0 -999.000 -999.0 -999.0 -999.000 -999.0000000 -999.0000000 -999.0 -999
 2010   12  132 -999.00 -999.00 -999.00 -999.0 -999.00 -999.00  -999.0  -999.0  -999.0  -999.0  -999.0  -999.0  -999.0 -999.000 -999.0 -999.0 -999.000 -999.0000000 -999.0000000 -999.0 -999
 2011    1  133 -999.00 -999.00 -999.00 -999.0 -999.00 -999.00  -999.0  -999.0  -999.0  -999.0  -999.0  -999.0  -999.0 -999.000 -999.0 -999.0 -999.000 -999.0000000 -999.0000000 -999.0 -999
 2011    2  134 -999.00 -999.00 -999.00 -999.0 -999.00 -999.00  -999.0  -999.0  -999.0  -999.0  -999.0  -999.0  -999.0 -999.000 -999.0 -999.0 -999.000 -999.0000000 -999.0000000 -999.0   54
 2011    3  135  936.76  -23.18  -23.49   77.0    0.42    7.72    77.2    23.3    -3.5    59.0    58.3    44.0    43.4 -999.000  164.9  214.1    2.171 -999.0000000 -999.0000000 -999.0  100
 2011    4  136 -999.00 -999.00 -999.00 -999.0 -999.00 -999.00  -999.0  -999.0  -999.0  -999.0  -999.0  -999.0  -999.0 -999.000 -999.0 -999.0 -999.000 -999.0000000 -999.0000000 -999.0  100
 2011    5  137 -999.00 -999.00 -999.00 -999.0 -999.00 -999.00  -999.0  -999.0  -999.0  -999.0  -999.0  -999.0  -999.0 -999.000 -999.0 -999.0 -999.000 -999.0000000 -999.0000000 -999.0 -999
 2011    6  138 -999.00 -999.00 -999.00 -999.0 -999.00 -999.00  -999.0  -999.0  -999.0  -999.0  -999.0  -999.0  -999.0 -999.000 -999.0 -999.0 -999.000 -999.0000000 -999.0000000 -999.0  100
 2011    7  139  943.43    4.01    3.88   73.9    3.92    7.09    65.8    56.3    -2.3   292.8   295.4   121.4   120.4    0.402  281.7  322.3    2.622 -999.0000000 -999.0000000 -999.0  100
 2011    8  140  948.01    2.18    1.99   80.2    3.78    5.11    59.6    31.5    -4.6   160.8   155.3    63.1    62.3    0.407  287.4  318.0    2.645 -999.0000000 -999.0000000 -999.0  100
 2011    9  141  933.55   -5.25   -5.51   82.8    2.21    6.77    75.0    15.7   -10.3    78.7    78.2    61.3    61.1 -999.000  251.9  285.4    2.505 -999.0000000 -999.0000000 -999.0  100
 2011   10  142  936.87  -12.38  -12.75   90.0    1.36    7.45    67.7    15.0    -3.0    12.1    13.2    10.9    10.6 -999.000  229.7  257.0    2.120 -999.0000000 -999.0000000 -999.0  100
 2011   11  143  932.47  -15.04  -15.43   85.6    1.08    4.98    64.1    20.3    -3.2    -1.4     0.1     0.3     0.1 -999.000  221.2  245.2    1.543 -999.0000000 -999.0000000 -999.0  100
 2011   12  144  928.22  -21.89  -22.25   85.0    0.52    5.37    60.6    28.9    -0.9    -2.1     0.0     0.2     0.0 -999.000  180.4  218.3    1.314 -999.0000000 -999.0000000 -999.0  100
 2012    1  145  931.53  -23.64  -24.03   82.5    0.42    6.53    61.6    27.8    -0.9    -2.0     0.0     0.2     0.0 -999.000  175.6  210.8    1.331 -999.0000000 -999.0000000 -999.0  100
 2012    2  146  932.52  -24.33  -24.68   87.0    0.48    7.04    66.5    24.0    -1.1     5.5     4.3     4.2     4.0 -999.000  177.5  210.9    1.338 -999.0000000 -999.0000000 -999.0  100
 2012    3  147  934.75  -27.09  -28.01   86.3    0.35    6.03    59.4    22.0    -1.7    53.7    40.1    38.0    37.9 -999.000  163.1  199.9    1.341 -999.0000000 -999.0000000 -999.0  100
 2012    4  148 -999.00  -14.72 -999.00 -999.0 -999.00    4.91  -999.0  -999.0  -999.0  -999.0  -999.0  -999.0  -999.0 -999.000 -999.0 -999.0 -999.000 -999.0000000 -999.0000000 -999.0 -999
 2012    5  149 -999.00   -6.30 -999.00 -999.0 -999.00    5.65  -999.0  -999.0  -999.0  -999.0  -999.0  -999.0  -999.0 -999.000 -999.0 -999.0 -999.000 -999.0000000 -999.0000000 -999.0  100
 2012    6  150 -999.00    1.17 -999.00 -999.0 -999.00    8.02  -999.0  -999.0  -999.0  -999.0  -999.0  -999.0  -999.0 -999.000 -999.0 -999.0 -999.000 -999.0000000 -999.0000000 -999.0 -999
 2012    7  151 -999.00    3.58 -999.00 -999.0 -999.00    7.19  -999.0  -999.0  -999.0  -999.0  -999.0  -999.0  -999.0 -999.000 -999.0 -999.0 -999.000 -999.0000000 -999.0000000 -999.0 -999
 2012    8  152 -999.00    1.19 -999.00 -999.0 -999.00    6.00  -999.0  -999.0  -999.0  -999.0  -999.0  -999.0  -999.0 -999.000 -999.0 -999.0 -999.000 -999.0000000 -999.0000000 -999.0 -999
 2012    9  153 -999.00   -2.84 -999.00 -999.0 -999.00    7.66  -999.0  -999.0  -999.0  -999.0  -999.0  -999.0  -999.0 -999.000 -999.0 -999.0 -999.000 -999.0000000 -999.0000000 -999.0 -999
 2012   10  154 -999.00   -8.16 -999.00 -999.0 -999.00    6.49  -999.0  -999.0  -999.0  -999.0  -999.0  -999.0  -999.0 -999.000 -999.0 -999.0 -999.000 -999.0000000 -999.0000000 -999.0 -999
 2012   11  155 -999.00  -13.64 -999.00 -999.0 -999.00    6.13  -999.0  -999.0  -999.0  -999.0  -999.0  -999.0  -999.0 -999.000 -999.0 -999.0 -999.000 -999.0000000 -999.0000000 -999.0 -999
 2012   12  156 -999.00  -18.05 -999.00 -999.0 -999.00    5.68  -999.0  -999.0  -999.0  -999.0  -999.0  -999.0  -999.0 -999.000 -999.0 -999.0 -999.000 -999.0000000 -999.0000000 -999.0 -999
 2013    1  157 -999.00  -19.32 -999.00 -999.0 -999.00    6.41  -999.0  -999.0  -999.0  -999.0  -999.0  -999.0  -999.0 -999.000 -999.0 -999.0 -999.000 -999.0000000 -999.0000000 -999.0   21
 2013    2  158 -999.00  -22.44 -999.00 -999.0 -999.00    6.16  -999.0  -999.0  -999.0  -999.0  -999.0  -999.0  -999.0 -999.000 -999.0 -999.0 -999.000 -999.0000000 -999.0000000 -999.0   33
 2013    3  159 -999.00  -16.37 -999.00 -999.0 -999.00    7.29  -999.0  -999.0  -999.0  -999.0  -999.0  -999.0  -999.0 -999.000 -999.0 -999.0 -999.000 -999.0000000 -999.0000000 -999.0 -999
 2013    4  160 -999.00  -15.70 -999.00 -999.0 -999.00    6.99  -999.0  -999.0  -999.0  -999.0  -999.0  -999.0  -999.0 -999.000 -999.0 -999.0 -999.000 -999.0000000 -999.0000000 -999.0 -999
 2013    5  161 -999.00  -12.03 -999.00 -999.0 -999.00    4.77  -999.0  -999.0  -999.0  -999.0  -999.0  -999.0  -999.0 -999.000 -999.0 -999.0 -999.000 -999.0000000 -999.0000000 -999.0 -999
 2013    6  162 -999.00   -1.06 -999.00 -999.0 -999.00    6.26  -999.0  -999.0  -999.0  -999.0  -999.0  -999.0  -999.0 -999.000 -999.0 -999.0 -999.000 -999.0000000 -999.0000000 -999.0 -999
 2013    7  163 -999.00    1.34 -999.00 -999.0 -999.00    6.48  -999.0  -999.0  -999.0  -999.0  -999.0  -999.0  -999.0 -999.000 -999.0 -999.0 -999.000 -999.0000000 -999.0000000 -999.0 -999
 2013    8  164 -999.00   -0.15 -999.00 -999.0 -999.00    7.11  -999.0  -999.0  -999.0  -999.0  -999.0  -999.0  -999.0 -999.000 -999.0 -999.0 -999.000 -999.0000000 -999.0000000 -999.0   78
 2013    9  165  938.26   -5.55   -5.66   78.5    2.04    6.03    56.5    16.7   -12.6    74.6    63.2    59.2    59.1 -999.000  248.0  282.9    2.529 -999.0000000 -999.0000000 -999.0  100
 2013   10  166  941.67   -9.47   -9.66   82.5    1.58    5.79    52.3    18.6    -7.0    13.6    11.2    10.5    10.4 -999.000  240.6  266.6    2.494 -999.0000000 -999.0000000 -999.0  100
 2013   11  167  932.02  -18.76  -19.04   83.9    0.67    6.82    56.3    18.8    -2.9    -1.6     0.1     0.3     0.1 -999.000  198.9  231.3    2.452 -999.0000000 -999.0000000 -999.0  100
 2013   12  168  929.82  -21.40  -21.71   79.5    0.49    5.72    53.8    23.0    -1.8    -2.1     0.0     0.3     0.0 -999.000  183.4  218.9    2.454 -999.0000000 -999.0000000 -999.0  100
 2014    1  169  931.88  -17.05  -17.31   85.2    0.87    6.48    58.5    25.2    -4.3    -1.6     0.0     0.1     0.0 -999.000  206.9  238.2    2.421 -999.0000000 -999.0000000 -999.0  100
 2014    2  170  933.17  -19.73  -20.05   67.4    0.47    5.43    46.6    30.8    -3.5     3.9     4.5     3.9     3.5 -999.000  177.5  219.6    2.425 -999.0000000 -999.0000000 -999.0  100
 2014    3  171  933.98  -21.19  -21.44   75.3    0.49    5.38    48.6    23.6    -2.7    64.5    56.8    44.6    43.8 -999.000  178.2  218.8    2.423 -999.0000000 -999.0000000 -999.0  100
 2014    4  172  940.88  -17.14  -17.30   78.9    0.74    7.40    53.8     9.4    -9.2   174.2   166.6   130.4   129.7    0.779  193.2  239.1    2.422 -999.0000000 -999.0000000 -999.0  100
 2014    5  173  947.18   -9.33   -9.32   82.4    1.53    6.55    65.5    -4.5   -16.8   280.5   276.5   223.5   221.5    0.805  234.4  273.6    2.419 -999.0000000 -999.0000000 -999.0  100
 2014    6  174  944.40   -0.52   -0.38   83.3    3.20    6.97    61.2     3.6   -23.7   280.9   278.7   211.6   209.4    0.765  282.7  312.5    2.489 -999.0000000 -999.0000000 -999.0  100
 2014    7  175  944.57    2.50    2.60   83.4    4.01    6.67    55.5    35.4    -0.6   231.7   231.2    98.8    98.0    0.399  294.4  321.0    2.650 -999.0000000 -999.0000000 -999.0  100
 2014    8  176  943.00    0.31    0.36   82.4    3.39    9.37    67.1    33.6   -21.1   124.0   121.0    74.3    73.8    0.606  293.8  312.9    2.613 -999.0000000 -999.0000000 -999.0  100
 2014    9  177  935.19   -4.32   -4.22   78.8    2.25    5.93    58.4    22.0   -12.0    79.9    77.5    63.1    62.1 -999.000  249.2  287.1    2.638 -999.0000000 -999.0000000 -999.0  100
 2014   10  178  943.84   -9.98   -9.86   82.4    1.50    5.50    57.8    27.5    -4.1    12.1    14.6    11.7    11.5 -999.000  233.2  261.9    2.656   76.3998087   68.2660085  571.0  100
 2014   11  179  932.62  -14.53  -14.40   87.1    1.06    5.84    70.8    21.0    -0.4    -1.6     0.1     0.3     0.1 -999.000  221.2  244.9    2.623   76.3998106   68.2660331  570.0  100
 2014   12  180  932.09  -21.03  -20.88   83.3    0.53    7.42    66.5    33.8     0.5    -2.3     0.0     0.2     0.0 -999.000  176.3  218.4    2.624   76.3998121   68.2660267  567.6  100
 2015    1  181  928.37  -23.06  -22.93   87.3    0.51    7.62    70.2    25.3     0.5    -1.9     0.0     0.2     0.0 -999.000  176.9  213.3    2.626   76.3998152   68.2660446  571.3  100
 2015    2  182  932.29  -28.79  -28.63   80.5    0.24    6.06    62.1    29.8     0.0     4.8     4.9     3.9     3.6 -999.000  151.4  190.9    2.628   76.3998125   68.2660534  569.5  100
 2015    3  183  927.69  -19.83  -19.67   76.3    0.56    6.56    64.1    31.6    -1.5    64.8    56.9    43.0    42.1 -999.000  183.0  220.7    2.631   76.3998139   68.2660343  571.9  100
 2015    4  184  940.70  -19.51  -19.18   74.7    0.54    6.35    67.1    17.7    -4.8   185.1   182.9   131.7   129.9    0.709  179.9  226.6    2.646   76.3998073   68.2660703  573.0  100
 2015    5  185  940.47   -8.49   -8.11   80.5    1.63    5.78    63.3     9.3   -13.6   306.8   309.0   232.0   230.5    0.747  221.0  272.8    2.649   76.3998121   68.2660903  573.2  100
 2015    6  186  946.50   -0.25    0.12   74.9    2.87    5.33    67.5    14.1   -21.5   343.3   346.0   216.3   214.4    0.614  258.4  309.8    2.660   76.3998141   68.2661016  573.0  100
 2015    7  187  953.01    4.37    4.49   71.3    3.85    5.73    65.4    56.8     0.8   290.6   301.8   104.7   104.3    0.340  280.8  321.2    2.626   76.3998132   68.2661552  571.9  100
 2015    8  188  945.89    0.98    1.12   73.0    3.12    4.67    60.5    17.9   -17.8   209.2   215.1    93.2    89.2    0.418  262.7  312.1    2.613   76.3998101   68.2661958  570.0  100
 2015    9  189  940.03   -5.47   -5.33   82.9    2.23    6.67    52.6    15.2   -10.3    84.1    85.0    52.7    45.4 -999.000  252.5  285.3    2.620   76.3998134   68.2662220  569.4   50
 2015   10  190  932.35   -9.70   -9.63   87.0    1.59    7.48    71.8    21.9    -3.0    15.1    16.3    10.2     9.1 -999.000  241.1  265.3    2.575   76.3998163   68.2662368  569.4 -999
 2015   11  191 -999.00 -999.00 -999.00 -999.0 -999.00 -999.00  -999.0  -999.0  -999.0  -999.0  -999.0  -999.0  -999.0 -999.000 -999.0 -999.0 -999.000 -999.0000000 -999.0000000 -999.0 -999
 2015   12  192 -999.00 -999.00 -999.00 -999.0 -999.00 -999.00  -999.0  -999.0  -999.0  -999.0  -999.0  -999.0  -999.0 -999.000 -999.0 -999.0 -999.000 -999.0000000 -999.0000000 -999.0 -999
 2016    1  193 -999.00 -999.00 -999.00 -999.0 -999.00 -999.00  -999.0  -999.0  -999.0  -999.0  -999.0  -999.0  -999.0 -999.000 -999.0 -999.0 -999.000 -999.0000000 -999.0000000 -999.0 -999
 2016    2  194 -999.00 -999.00 -999.00 -999.0 -999.00 -999.00  -999.0  -999.0  -999.0  -999.0  -999.0  -999.0  -999.0 -999.000 -999.0 -999.0 -999.000 -999.0000000 -999.0000000 -999.0 -999
 2016    3  195 -999.00 -999.00 -999.00 -999.0 -999.00 -999.00  -999.0  -999.0  -999.0  -999.0  -999.0  -999.0  -999.0 -999.000 -999.0 -999.0    2.382 -999.0000000 -999.0000000 -999.0 -999
 2016    4  196  944.18  -10.97  -10.68   80.5    1.39    7.29    69.2    16.1    -9.5   169.2   155.8   126.6   117.6    0.775  233.3  261.5    2.382 -999.0000000 -999.0000000 -999.0 -999
 2016    5  197  943.76   -3.89   -3.48   68.7    1.97    5.20    63.3    15.7   -18.3   300.0   301.0   239.3   233.5    0.771  243.4  287.6    2.244 -999.0000000 -999.0000000 -999.0 -999
 2016    6  198  946.08    1.28    1.69   68.9    2.99    5.30    61.9    23.5   -25.8   329.3   333.8   242.9   238.9    0.716  268.8  311.3    2.348 -999.0000000 -999.0000000 -999.0 -999
 2016    7  199  949.38    4.14    4.32   72.0    3.84    6.57    79.3    50.0    -0.9   280.2   286.2   108.7   107.7    0.358  280.8  319.8    2.656 -999.0000000 -999.0000000 -999.0   19
 2016    8  200  946.25    2.19    2.30   79.8    3.71    5.89   118.1    26.6    -7.3   158.5   155.1    67.1    67.0    0.451  284.2  316.6    2.626   76.3998013   68.2663918  566.2   51
 2016    9  201  939.97   -4.78   -4.60   80.5    2.19    7.08   125.7    18.8   -13.6    70.0    65.7    55.8    56.0 -999.000  255.8  285.1    2.612   76.3997996   68.2664019  564.4  100
 2016   10  202  942.87  -11.78  -11.68   75.4    1.18    5.82   107.0    38.3    -1.7    16.2    14.6    12.5    12.3 -999.000  201.8  249.3    2.431   76.3998045   68.2664476  568.3  100
 2016   11  203  939.19  -13.39  -13.28   85.6    1.20    6.68   124.8    17.4    -3.2    -1.1     0.0     0.3     0.0 -999.000  231.8  252.0    2.288   76.3998125   68.2664705  572.4  100
 2016   12  204  933.61  -20.83  -20.68   78.8    0.55    5.89   105.6    30.1    -1.3    -1.9     0.0     0.3     0.0 -999.000  178.1  217.8    2.298   76.3998250   68.2664218  571.9  100
 2017    1  205  935.14  -22.50  -22.35   73.0    0.41    7.20   110.4    35.0    -2.0    -2.1     0.0     0.4     0.0 -999.000  165.4  209.6    2.291   76.3998250   68.2664218  571.9  100
 2017    2  206  933.42  -22.58  -22.41   78.2    0.47    7.00   114.0    35.9    -1.6     4.8     4.7     4.0     3.6 -999.000  170.7  212.4    2.291   76.3998250   68.2664218  571.9  100
 2017    3  207  939.15  -25.17  -24.88   75.5    0.32    6.38   114.6    26.3    -2.2    67.6    60.8    44.6    45.1 -999.000  167.4  205.0    2.292   76.3998250   68.2664218  571.9  100
 2017    4  208  947.05  -15.49  -15.05   71.0    0.75    5.79   111.4    23.3    -9.4   179.6   172.7   133.0   132.4    0.774  192.2  241.2    2.304   76.3998208   68.2664742  566.3  100
 2017    5  209  951.68   -6.53   -5.93   77.8    1.84    5.59   119.9     8.7   -18.0   269.3   266.2   215.4   214.1    0.812  245.3  282.9    2.324   76.3998090   68.2664972  565.9  100
 2017    6  210  945.83   -0.92   -0.42   76.0    2.81    5.50   109.6    12.2   -29.3   314.9   312.6   248.9   246.9    0.803  262.8  305.4    2.284   76.3998076   68.2665095  566.4   46
 2017    7  211  940.41    2.36    2.43   72.1    3.43    8.47   120.8    46.9   -26.5   279.6   281.1   170.2   169.7    0.577  268.9  316.2    2.565   76.3998128   68.2665109  566.2 -999
 2017    8  212  943.39    1.33    1.12   82.0    3.62    7.64   120.4    26.2   -12.2   132.4   133.2    59.0    58.7    0.471  286.1  314.1    2.636   76.3998164   68.2665269  566.1    6
 2017    9  213  940.04   -4.71   -4.92   77.4    2.12    6.37   113.8    23.5   -10.8    72.6    71.9    60.0    60.3 -999.000  249.0  283.9    2.486   76.3998170   68.2665356  565.6 -999
 2017   10  214  938.13   -9.76   -9.91   84.6    1.59    5.79  -999.0  -999.0  -999.0     9.2    12.0     8.7    10.0 -999.000  246.6  266.5    2.498   76.3998180   68.2665541  565.1 -999
 2017   11  215  944.24  -14.76  -14.87   70.9    0.86    7.50   118.6    38.9    -9.8    -1.8     0.0     0.3     0.0 -999.000  201.0  242.2    2.477   76.3998148   68.2665707  565.4 -999
 2017   12  216  937.52  -15.69  -15.80   83.4    1.02    6.78   122.5    23.8    -4.1    -1.3     0.0     0.3     0.0 -999.000  213.3  242.2    2.281   76.3998259   68.2665760  566.0    9
 2018    1  217  938.34  -20.61  -20.69   68.0    0.47    6.16   113.9    38.1    -4.5    -2.0     0.0     0.4     0.0 -999.000  175.5  217.3    2.300   76.3998153   68.2665781  565.0 -999
 2018    2  218  931.10  -24.62  -24.67   75.3    0.37    8.63   116.3    21.5    -4.2     2.1     3.6     3.1     2.8 -999.000  172.5  208.5    2.323   76.3998176   68.2665604  566.0 -999
 2018    3  219  951.04  -22.39  -22.45   69.3    0.43    5.85   117.2    25.4    -3.8    59.3    58.6    45.0    44.9 -999.000  172.0  213.3    2.323   76.3998239   68.2665907  564.9 -999
 2018    4  220  942.32  -14.55  -14.66   69.1    0.84    7.16   123.4    24.2   -13.1   169.3   167.9   130.2   129.2    0.774  197.3  242.8    2.321   76.3998194   68.2666140  566.0 -999
 2018    5  221  936.52   -8.54   -8.66   70.4    1.52    5.21   119.9    16.2   -16.1   290.8   289.8   233.0   230.0    0.796  218.9  268.6    2.343   76.3998222   68.2666323  566.8 -999
 2018    6  222  942.33    0.28    0.47   71.8    2.87    6.57   109.7    28.9   -30.1   325.9   325.5   253.8   250.9    0.779  259.4  306.8    2.342   76.3998284   68.2666359  566.5 -999
 2018    7  223  939.24    1.02    1.14   79.7    3.43    7.67   128.1    16.9   -23.3   249.0   245.6   192.6   189.3    0.784  284.4  313.4    2.488   76.3998303   68.2666468  566.5 -999
 2018    8  224  939.02    1.03    1.07   82.5    3.62    8.12   126.4    24.3   -14.2   150.7   150.8    96.6    95.1    0.638  282.7  313.3    2.506   76.3998312   68.2666592  566.1 -999
 2018    9  225  941.97   -5.77   -5.75   83.0    2.16    5.23   118.3    18.5    -6.6    69.1    71.4    55.8    55.6 -999.000  246.1  281.8    2.546   76.3998308   68.2666590  565.8 -999
 2018   10  226  940.21  -12.15  -12.15   81.1    1.23    5.69   115.7    26.1    -4.2    11.5    13.7    10.9    10.8 -999.000  221.3  253.4    2.483   76.3998320   68.2666754  565.6 -999
 2018   11  227  944.90  -17.76  -17.74   77.6    0.70    5.85   122.7    28.7    -2.1    -1.4     0.1     0.4     0.1 -999.000  197.0  229.1    2.450   76.3998353   68.2666926  568.2 -999
 2018   12  228  936.83  -20.12  -20.10   77.7    0.55    6.57   117.1    25.8    -2.5    -1.9     0.0     0.3     0.0 -999.000  183.7  220.3    2.376   76.3998368   68.2666960  567.2 -999
 2019    1  229  939.56  -22.74  -22.72   76.6    0.45    6.98   115.9    38.0    -1.4    -2.0     0.0     0.3     0.0 -999.000  164.5  210.6    2.382   76.3998361   68.2666778  567.7 -999
 2019    2  230 -999.00 -999.00 -999.00 -999.0 -999.00 -999.00  -999.0  -999.0  -999.0  -999.0  -999.0  -999.0  -999.0 -999.000 -999.0 -999.0    2.384   76.3998411   68.2666747  570.1 -999
 2019    3  231  934.59  -25.04  -24.93   77.7    0.36    5.64   109.0    26.7    -2.0    57.4    54.3    44.7    44.6 -999.000  162.0  206.0    2.381   76.3998398   68.2666807  566.1 -999
 2019    4  232  942.97  -15.02  -14.90   79.0    0.96    5.52   119.3    19.3    -6.6   143.9   147.7   120.1   118.5 -999.000  216.3  244.2    2.372   76.3998355   68.2667434  566.5 -999
 2019    5  233  954.59   -1.25   -1.18   69.6    2.48    5.22   112.0    22.4   -24.8   262.5   264.5   197.1   194.6    0.744  250.4  299.5    2.414   76.3998343   68.2667463  567.4 -999
 2019    6  234  951.68    1.01    1.07   76.1    3.19    8.03   132.5    33.7   -24.6   290.2   290.6   195.5   193.5    0.683  274.2  311.4    2.510   76.3998339   68.2667678  567.5 -999
 2019    7  235  949.52    4.25    4.27   71.9    3.84    8.16   123.4    80.3    -8.9   252.3   253.1    80.6    80.1    0.310  283.9  319.6    2.650   76.3998345   68.2668112  566.8 -999
 2019    8  236  950.79    3.46    3.46   75.4    3.81    6.61   122.5    37.2    -7.4   168.7   168.4    61.4    61.5    0.406  280.1  317.8    2.637   76.3998320   68.2668728  564.9 -999
 2019    9  237  942.31   -2.23   -2.20   68.5    2.33    7.21   125.4    26.7   -27.3    86.6    89.1    38.2    37.0 -999.000  237.8  295.7    2.633   76.3998316   68.2668871  564.4 -999
 2019   10  238  943.74   -7.36   -7.31   93.8    2.19    7.87   138.1    15.5    -1.1    10.3    18.7     9.2     8.9 -999.000  255.3  278.4    2.593   76.3998360   68.2669008  564.9 -999
 2019   11  239  938.25  -12.45  -12.34   89.8    1.30    6.06   130.7    19.0    -0.9    -1.0     0.1     0.2     0.1 -999.000  230.5  254.6    2.416   76.3998365   68.2669042  565.7 -999
 2019   12  240  935.90  -18.71  -18.52   85.2    0.70    7.15   125.6    27.6    -0.4    -1.6     0.0     0.3     0.0 -999.000  189.7  228.9    2.320   76.3998452   68.2669042  566.0 -999
 2020    1  241  929.08  -26.08  -25.86   82.5    0.34    5.64   117.0    33.8     0.3    -2.0     0.0     0.4     0.0 -999.000  157.3  200.4    2.334   76.3998457   68.2669102  565.7 -999
 2020    2  242 -999.00 -999.00 -999.00 -999.0 -999.00 -999.00  -999.0  -999.0  -999.0  -999.0  -999.0  -999.0  -999.0 -999.000 -999.0 -999.0    2.340 -999.0000000 -999.0000000 -999.0 -999
 2020    3  243  939.56  -24.43  -24.21   78.0    0.39    7.32   125.5    28.6    -1.8    62.9    54.9    44.6    44.3 -999.000  161.0  205.0    2.347   76.3998439   68.2669381  565.5 -999
 2020    4  244  945.55  -11.34  -11.23   77.7    1.23    8.34   134.5    21.0    -8.1   151.4   149.0   121.7   121.0    0.810  218.7  257.5    2.321   76.3998409   68.2669462  566.5 -999
 2020    5  245  946.38   -5.52   -5.50   71.7    1.88    4.91   121.8    19.7   -16.8   291.7   292.3   230.8   227.7    0.782  226.9  280.6    2.264   76.3998406   68.2669717  565.6 -999
 2020    6  246  948.26    1.05    1.02   64.9    2.77    5.14   117.9    28.2   -23.2   350.2   356.7   263.3   262.1    0.739  245.8  306.2    2.364   76.3998406   68.2669844  565.5 -999
 2020    7  247  946.64    4.33    4.31   69.8    3.77    5.15   122.0    40.6    -3.9   297.1   301.3   122.9   121.6    0.392  268.9  319.0    2.660   76.3998387   68.2670062  565.0 -999
 2020    8  248  943.05    0.96    0.97   80.9    3.50    7.03   139.5    31.9    -8.3   156.6   162.2    86.7    85.7    0.545  274.8  312.1    2.629   76.3998373   68.2670392  563.9 -999
 2020    9  249  941.57   -6.73   -6.68   76.8    1.83    5.74   130.0    29.9    -8.5    69.5    72.1    56.1    55.8 -999.000  233.3  273.9    2.478   76.3998405   68.2670517  563.8 -999
 2020   10  250  942.12   -7.25   -7.19   83.6    1.90    7.55   136.9    31.6    -5.2    12.2    13.5    10.4    10.3 -999.000  238.0  273.4    2.483   76.3998435   68.2670577  564.0 -999
 2020   11  251  930.76  -17.13  -16.95   92.3    0.95    7.67   147.2  -999.0  -999.0    -1.0     0.1     0.2     0.0 -999.000  214.4  238.8 -999.000   76.3998501   68.2670716  564.2 -999
 2020   12  252  940.70  -17.11  -16.96   86.6    0.88    6.84   139.6  -999.0  -999.0    -1.4     0.0     0.3     0.0 -999.000  205.3  237.4 -999.000   76.3998389   68.2670788  564.7 -999
 2021    1  253  946.25  -17.07  -16.94   78.6    0.78    7.24   132.5  -999.0  -999.0    -1.6     0.0     0.3     0.0 -999.000  196.4  233.1 -999.000   76.3998443   68.2670638  565.2 -999
 2021    2  254 -999.00 -999.00 -999.00 -999.0 -999.00 -999.00  -999.0  -999.0  -999.0  -999.0  -999.0  -999.0  -999.0 -999.000 -999.0 -999.0 -999.000   76.3998583   68.2670047  564.7 -999
 2021    3  255  936.43  -23.57  -23.37   76.2    0.41    5.53   134.3  -999.0  -999.0    67.4    67.0    48.8    47.4 -999.000  159.7  207.3 -999.000   76.3998474   68.2670555  564.8 -999
 2021    4  256  953.00  -14.01  -13.86   82.2    1.14    8.70   140.7  -999.0  -999.0   154.2   157.0   123.0   120.7 -999.000  210.6  249.3 -999.000   76.3998454   68.2671100  564.4 -999
 2021    5  257  949.25   -3.82   -3.78   73.5    2.12    7.00   144.1  -999.0  -999.0   264.0   269.2   213.8   211.1    0.788  246.8  288.9 -999.000   76.3998443   68.2671309  564.3 -999
 2021    6  258  943.70    2.32    2.31   66.2    3.07    5.94   131.2  -999.0  -999.0   330.4   335.6   230.9   229.7    0.686  257.6  313.2 -999.000   76.3998435   68.2671416  564.6 -999
 2021    7  259  940.94    1.10    1.10   82.3    3.59    9.36   144.9  -999.0  -999.0   239.4   239.0   163.6   161.0    0.656  283.1  313.7 -999.000   76.3998435   68.2671520  564.5 -999
 2021    8  260  942.91    2.14    2.12   84.2    3.94    7.36   142.7  -999.0  -999.0   146.1   151.6    61.9    61.3    0.419  282.6  315.4 -999.000   76.3998427   68.2671849  563.4 -999
 2021    9  261  946.56   -6.56   -6.63   69.8    1.63    5.98   112.4  -999.0  -999.0    81.0  -999.0    64.2  -999.0 -999.000  224.0  270.9    2.647   76.3998364   68.2671262  562.8 -999
 2021   10  262  944.92   -7.36   -7.48   88.4    2.11    9.42   118.4  -999.0  -999.0     8.9  -999.0     8.0  -999.0 -999.000  255.8  276.5    2.633   76.3998446   68.2671392  563.8 -999
 2021   11  263  942.47  -15.74  -15.84   81.1 -999.00    5.30    99.0  -999.0  -999.0    -1.6  -999.0     0.3  -999.0 -999.000  203.3  238.0    2.607   76.3998368   68.2671346  562.9 -999
 2021   12  264  935.94  -13.50  -13.61   87.1 -999.00    6.81   113.3  -999.0  -999.0    -1.4  -999.0     0.1  -999.0 -999.000  223.9  250.0    2.604   76.3998347   68.2671890  560.4 -999
 2022    1  265 -999.00 -999.00 -999.00 -999.0 -999.00 -999.00  -999.0  -999.0  -999.0  -999.0  -999.0  -999.0  -999.0 -999.000 -999.0 -999.0 -999.000 -999.0000000 -999.0000000 -999.0 -999
