 Year MonthOfYear MonthOfCentury AirPressure(hPa) AirTemperature(C) AirTemperatureHygroClip(C) RelativeHumidity(%) SpecificHumidity(g/kg) WindSpeed(m/s) WindDirection(d) SensibleHeatFlux(W/m2) LatentHeatFlux(W/m2) ShortwaveRadiationDown(W/m2) ShortwaveRadiationDown_Cor(W/m2) ShortwaveRadiationUp(W/m2) ShortwaveRadiationUp_Cor(W/m2) Albedo_theta<70d LongwaveRadiationDown(W/m2) LongwaveRadiationUp(W/m2) HeightSensorBoom(m) LatitudeGPS_HDOP<1(degN) LongitudeGPS_HDOP<1(degW) ElevationGPS_HDOP<1(m) FanOK(%)
 2018    5  221 -999.00 -999.00 -999.00 -999.0 -999.00 -999.00  -999.0  -999.0  -999.0  -999.0  -999.0  -999.0  -999.0 -999.000 -999.0 -999.0 -999.000 -999.0000000 -999.0000000 -999.0  100
 2018    6  222  919.97   -1.78   -1.53   75.3    2.65    6.71   248.0    17.7   -32.1   359.4   356.9   287.9   282.3    0.798  252.4  302.3    2.662 -999.0000000 -999.0000000 -999.0  100
 2018    7  223  917.12   -0.94   -0.70   85.3    3.23    7.09   269.9     7.3   -18.1   283.9   278.2   232.0   225.0    0.818  279.2  309.2    2.471 -999.0000000 -999.0000000 -999.0   93
 2018    8  224  916.90   -0.42   -0.40   87.4    3.53    7.03   273.9    16.9    -5.7   170.6   170.6   132.1   128.2    0.761  281.4  308.9    2.291 -999.0000000 -999.0000000 -999.0   70
 2018    9  225  919.02   -7.65   -7.69   85.4    1.96    4.51   268.1    15.4    -4.4    80.6    79.7    67.8    67.5 -999.000  246.4  275.8    2.209 -999.0000000 -999.0000000 -999.0  100
 2018   10  226  916.76  -14.18  -14.30   80.9    1.07    4.70   263.8    20.5    -4.1    13.9    14.6    12.9    12.5 -999.000  228.3  248.0    2.063 -999.0000000 -999.0000000 -999.0  100
 2018   11  227  920.84  -19.59  -19.71   70.2    0.58    5.85   268.8    35.9    -3.7    -1.8     0.1     0.3     0.1 -999.000  190.4  222.5    1.980 -999.0000000 -999.0000000 -999.0  100
 2018   12  228  912.80  -22.44  -22.55   73.1    0.44    6.02   267.0    26.8    -4.7    -1.7     0.0     0.3     0.0 -999.000  187.9  216.5    1.903 -999.0000000 -999.0000000 -999.0  100
 2019    1  229  915.33  -25.23  -25.34   70.3    0.33    6.45   264.6    40.3    -3.4    -2.3     0.0     0.3     0.0 -999.000  163.6  205.4    1.888 -999.0000000 -999.0000000 -999.0  100
 2019    2  230  914.41  -21.92  -22.04   61.3    0.36    4.34   238.2    47.0    -2.5     6.4     4.4     5.0     4.0 -999.000  168.8  209.7    1.893 -999.0000000 -999.0000000 -999.0  100
 2019    3  231  910.03  -27.35  -27.35   71.1    0.27    4.46   251.3    24.9    -3.1    67.3    53.9    48.9    49.1 -999.000  165.6  200.6    1.896 -999.0000000 -999.0000000 -999.0  100
 2019    4  232  919.03  -16.44  -16.32   71.4    0.81    5.66   272.2    19.6   -11.7   165.7   155.8   137.5   129.7 -999.000  211.7  240.9    1.867 -999.0000000 -999.0000000 -999.0  100
 2019    5  233  931.65   -3.50   -3.11   75.4    2.33    5.23   256.3  -999.0  -999.0   295.4   294.9   232.7   224.5    0.763  243.6  294.9    1.831 -999.0000000 -999.0000000 -999.0  100
 2019    6  234  929.31   -0.98   -0.38   83.6    3.11    7.13   275.6  -999.0  -999.0   325.2   328.5   259.1   257.1    0.794  272.1  307.6    1.889 -999.0000000 -999.0000000 -999.0  100
 2019    7  235  927.67    2.98    3.34   76.7    3.86    6.62   262.6  -999.0  -999.0   290.6   291.4   196.4   193.8    0.676  278.4  318.7    2.467 -999.0000000 -999.0000000 -999.0   70
 2019    8  236  928.61    1.86    2.08   79.9    3.69    4.95   257.4  -999.0  -999.0   188.2   180.9   119.3   120.8    0.704  274.9  314.7    2.648 -999.0000000 -999.0000000 -999.0   74
 2019    9  237  919.90   -4.40   -4.31   74.2    2.19    6.69   257.0  -999.0  -999.0    93.3    90.7    71.4    73.3 -999.000  234.6  284.6    2.518 -999.0000000 -999.0000000 -999.0  100
 2019   10  238  920.84   -8.86   -8.89   95.8    2.10    5.28  -999.0  -999.0  -999.0    10.4    13.8    10.1    11.7 -999.000  265.8  273.0    2.233   76.3877307   68.1112137  743.7   50
 2019   11  239  914.70  -13.90  -13.93   93.2 -999.00    5.33   355.4  -999.0  -999.0    -1.0  -999.0     0.4  -999.0 -999.000  237.6  251.1    1.683   76.3877307   68.1112137  742.0   76
 2019   12  240  912.10  -20.76  -20.78   92.4 -999.00    6.20   348.7  -999.0  -999.0    -1.5  -999.0     0.5  -999.0 -999.000  196.4  224.7    1.509   76.3877307   68.1112137  742.4   50
 2020    1  241  904.71  -28.66  -28.40   88.1 -999.00    5.31   331.5  -999.0  -999.0    -2.2  -999.0     0.6  -999.0 -999.000  163.4  195.0    1.517 -999.0000000 -999.0000000 -999.0  100
 2020    2  242  905.79  -27.85  -27.84   85.7 -999.00    4.66   321.5  -999.0  -999.0     8.8  -999.0     6.7  -999.0 -999.000  169.1  197.4    1.525   76.3882682   68.1109226  744.1  100
 2020    3  243  915.39  -27.14  -27.00   84.6 -999.00    6.08   344.8  -999.0  -999.0    74.3  -999.0    54.8  -999.0 -999.000  169.6  202.2    1.530   76.3903127   68.1098855  742.2  100
 2020    4  244  922.14  -13.15  -12.85   82.5 -999.00    7.52     3.7  -999.0  -999.0   159.7  -999.0   131.6  -999.0 -999.000  219.4  253.7    1.433   76.3903296   68.1099502  743.1   96
 2020    5  245  923.27   -8.23   -7.71   83.1    1.79    4.55   347.6  -999.0  -999.0   316.7   313.7   257.1   248.1    0.763  220.1  274.6    1.269   76.3903268   68.1099902  745.7   67
 2020    6  246  926.13   -1.79   -1.19   75.6    2.70    4.78   340.3  -999.0  -999.0   379.0   373.7   290.1   281.7    0.724  241.3  302.7    1.378   76.3903149   68.1099818  747.0  100
 2020    7  247  925.14    2.32    2.71   77.2    3.73    4.50   336.6  -999.0  -999.0   318.9   306.0   216.4   210.6    0.689  265.9  317.4    2.112   76.3899045   68.1101754  744.9  100
 2020    8  248  921.14   -0.73   -0.46   85.7    3.34    6.17     3.6  -999.0  -999.0   177.0   174.9   138.2   138.5    0.792  271.7  306.3    2.366   76.3877307   68.1112137  744.9   61
 2020    9  249  918.26   -8.95   -8.85   85.8    1.75    4.97   339.2  -999.0  -999.0    76.4    75.8    65.5    67.1 -999.000  230.8  267.1    2.184   76.3883014   68.1109516  743.8    3
 2020   10  250  918.94   -9.05   -9.07   90.2 -999.00    5.25   357.7  -999.0  -999.0    14.9  -999.0    12.1  -999.0 -999.000  243.7  269.0    2.137   76.3903052   68.1100537  743.9 -999
 2020   11  251  906.77  -18.91  -18.89   94.9 -999.00    5.02    19.0  -999.0  -999.0    -0.7  -999.0     0.3  -999.0 -999.000  228.8  236.0    1.832 -999.0000000 -999.0000000 -999.0 -999
 2020   12  252  916.68  -19.17  -19.19   92.4 -999.00    5.19   358.0  -999.0  -999.0    -1.2  -999.0     0.4  -999.0 -999.000  219.0  232.0    1.539   76.3903068   68.1099543  738.3 -999
 2021    1  253  922.06  -19.29  -19.33   85.7 -999.00    6.64   347.2  -999.0  -999.0    -1.7  -999.0     0.5  -999.0 -999.000  198.6  228.6    1.540   76.3903043   68.1100832  738.2 -999
 2021    2  254  915.96  -22.02  -22.04   87.6 -999.00    7.73   350.4  -999.0  -999.0     5.6  -999.0     5.6  -999.0 -999.000  185.5  219.1    1.557   76.3902994   68.1100686  740.0 -999
 2021    3  255  913.42  -26.14  -26.02   83.7 -999.00    5.62   345.7  -999.0  -999.0    76.1  -999.0    55.2  -999.0 -999.000  159.1  202.0    1.559   76.3902999   68.1100678  736.6 -999
 2021    4  256  929.22  -16.01  -15.65   85.7 -999.00    7.23     8.2  -999.0  -999.0   172.8  -999.0   142.9  -999.0 -999.000  210.2  243.8    1.462   76.3902946   68.1101552  743.4 -999
 2021    5  257  926.01   -5.90   -5.30   79.6    2.03    6.09     7.0  -999.0  -999.0   288.4   286.5   243.6   238.2    0.822  243.1  283.2    1.209   76.3903009   68.1101512  749.6 -999
 2021    6  258  921.62    0.59    1.23   73.8    3.12    5.09   345.5  -999.0  -999.0   357.3   358.3   269.6   264.8    0.717  251.5  309.3    1.228   76.3902801   68.1101701  747.1 -999
 2021    7  259  919.21   -0.49    0.05   88.6    3.52    7.58    11.1  -999.0  -999.0   266.1   264.0   214.7   211.6    0.803  281.1  309.1    1.348   76.3902795   68.1101613  746.4 -999
 2021    8  260  921.02    0.76    1.02   88.0    3.84    6.29     1.8  -999.0  -999.0   167.4   164.9   123.8   125.6    0.790  279.1  312.6    1.695   76.3902633   68.1101745  744.3   22
 2021    9  261  922.81   -9.15   -9.20   82.5    1.62    4.83    65.7  -999.0  -999.0    83.0  -999.0    72.5  -999.0 -999.000  230.4  265.7    1.489   76.3902890   68.1102114  743.0 -999
 2021   10  262  921.90   -9.37   -9.54   95.5 -999.00    7.08   106.3  -999.0  -999.0     9.5  -999.0     9.4  -999.0 -999.000  259.1  270.9    1.252   76.3902852   68.1102307  747.7 -999
 2021   11  263  917.93  -18.48  -18.66   92.7 -999.00    4.86    71.2  -999.0  -999.0    -1.4  -999.0     0.4  -999.0 -999.000  209.1  232.6    1.107   76.3902774   68.1102487  750.2 -999
 2021   12  264  912.16  -15.38  -15.55   94.0 -999.00    5.94    95.6  -999.0  -999.0    -1.4  -999.0     0.4  -999.0 -999.000  226.4  245.8    1.092 -999.0000000 -999.0000000 -999.0 -999
 2022    1  265 -999.00 -999.00 -999.00 -999.0 -999.00 -999.00  -999.0  -999.0  -999.0  -999.0  -999.0  -999.0  -999.0 -999.000 -999.0 -999.0 -999.000 -999.0000000 -999.0000000 -999.0 -999
