 Year MonthOfYear MonthOfCentury AirPressure(hPa) AirTemperature(C) AirTemperatureHygroClip(C) RelativeHumidity(%) SpecificHumidity(g/kg) WindSpeed(m/s) WindDirection(d) SensibleHeatFlux(W/m2) LatentHeatFlux(W/m2) ShortwaveRadiationDown(W/m2) ShortwaveRadiationDown_Cor(W/m2) ShortwaveRadiationUp(W/m2) ShortwaveRadiationUp_Cor(W/m2) Albedo_theta<70d LongwaveRadiationDown(W/m2) LongwaveRadiationUp(W/m2) HeightSensorBoom(m) LatitudeGPS_HDOP<1(degN) LongitudeGPS_HDOP<1(degW) ElevationGPS_HDOP<1(m) FanOK(%)
 2010    8  128 -999.00 -999.00 -999.00 -999.0 -999.00 -999.00  -999.0  -999.0  -999.0  -999.0  -999.0  -999.0  -999.0 -999.000 -999.0 -999.0 -999.000 -999.0000000 -999.0000000 -999.0  100
 2010    9  129 -999.00 -999.00 -999.00 -999.0 -999.00 -999.00  -999.0  -999.0  -999.0  -999.0  -999.0  -999.0  -999.0 -999.000 -999.0 -999.0 -999.000 -999.0000000 -999.0000000 -999.0  100
 2010   10  130 -999.00 -999.00 -999.00 -999.0 -999.00 -999.00  -999.0  -999.0  -999.0  -999.0  -999.0  -999.0  -999.0 -999.000 -999.0 -999.0 -999.000 -999.0000000 -999.0000000 -999.0 -999
 2010   11  131 -999.00 -999.00 -999.00 -999.0 -999.00 -999.00  -999.0  -999.0  -999.0  -999.0  -999.0  -999.0  -999.0 -999.000 -999.0 -999.0 -999.000 -999.0000000 -999.0000000 -999.0 -999
 2010   12  132 -999.00 -999.00 -999.00 -999.0 -999.00 -999.00  -999.0  -999.0  -999.0  -999.0  -999.0  -999.0  -999.0 -999.000 -999.0 -999.0 -999.000 -999.0000000 -999.0000000 -999.0 -999
 2011    1  133 -999.00 -999.00 -999.00 -999.0 -999.00 -999.00  -999.0  -999.0  -999.0  -999.0  -999.0  -999.0  -999.0 -999.000 -999.0 -999.0 -999.000 -999.0000000 -999.0000000 -999.0 -999
 2011    2  134 -999.00 -999.00 -999.00 -999.0 -999.00 -999.00  -999.0  -999.0  -999.0  -999.0  -999.0  -999.0  -999.0 -999.000 -999.0 -999.0 -999.000 -999.0000000 -999.0000000 -999.0 -999
 2011    3  135  911.93 -999.00 -999.00 -999.0 -999.00    7.32    94.4  -999.0  -999.0  -999.0  -999.0  -999.0  -999.0 -999.000 -999.0 -999.0 -999.000 -999.0000000 -999.0000000 -999.0 -999
 2011    4  136  906.33 -999.00 -999.00 -999.0 -999.00    5.03    96.0  -999.0  -999.0  -999.0  -999.0  -999.0  -999.0 -999.000 -999.0 -999.0 -999.000 -999.0000000 -999.0000000 -999.0 -999
 2011    5  137  923.38 -999.00 -999.00 -999.0 -999.00    7.62   105.8  -999.0  -999.0  -999.0  -999.0  -999.0  -999.0 -999.000 -999.0 -999.0 -999.000 -999.0000000 -999.0000000 -999.0 -999
 2011    6  138  929.77 -999.00 -999.00 -999.0 -999.00    6.96   102.2  -999.0  -999.0  -999.0  -999.0  -999.0  -999.0 -999.000 -999.0 -999.0 -999.000 -999.0000000 -999.0000000 -999.0  100
 2011    7  139  921.86    3.38    3.55   76.1    3.95    6.97    95.0    47.2    -4.0   292.6   293.2   169.2   168.4    0.560  277.3  319.1    2.486 -999.0000000 -999.0000000 -999.0  100
 2011    8  140  926.03    1.27    1.50   83.3    3.76    5.13    98.9    27.1    -2.6   161.3   161.9    80.6    79.8    0.509  281.9  313.5    2.646 -999.0000000 -999.0000000 -999.0  100
 2011    9  141  911.14   -6.42   -6.29   86.5    2.12    6.86   111.2    23.8    -1.2    73.0    77.7    64.1    63.6 -999.000  248.6  278.3    2.336 -999.0000000 -999.0000000 -999.0  100
 2011   10  142  913.64  -13.80  -13.47   95.0    1.31    7.12   106.1    18.5     2.3    12.0    13.2    10.9    10.7 -999.000  233.0  251.8    2.038 -999.0000000 -999.0000000 -999.0   83
 2011   11  143  909.11  -16.10  -15.65   89.0    1.06    4.59  -999.0    24.0    -0.1    -1.1     0.1     0.3     0.1 -999.000  226.0  241.1    1.819 -999.0000000 -999.0000000 -999.0  100
 2011   12  144  904.38  -22.45  -21.50   86.2    0.50    5.26    99.8    30.4     0.1    -2.1     0.0     0.5     0.0 -999.000  185.7  215.0    1.785 -999.0000000 -999.0000000 -999.0  100
 2012    1  145  907.33  -24.15  -23.22   81.5    0.40    7.09   100.4    40.2    -0.0    -1.8     0.0     0.3     0.0 -999.000  175.2  207.3    1.788 -999.0000000 -999.0000000 -999.0  100
 2012    2  146  908.21  -24.85  -24.11   86.9    0.46    6.77   104.7    26.2     0.2     5.6     5.5     4.8     4.3 -999.000  181.1  208.4    1.775 -999.0000000 -999.0000000 -999.0  100
 2012    3  147  912.53  -27.33  -26.59   85.1    0.36    6.38   100.9    31.9     0.0    63.5    55.2    44.0    43.8 -999.000  160.9  198.1    1.778 -999.0000000 -999.0000000 -999.0  100
 2012    4  148  921.19  -15.54  -14.80   73.3    0.78    5.17    97.2    32.0    -3.7   179.2   180.6   137.6   137.2 -999.000  188.8  237.2    1.796 -999.0000000 -999.0000000 -999.0  100
 2012    5  149  925.37   -7.25   -7.13   81.2    1.91    6.16   103.8    16.9   -12.1   285.4   286.4   226.2   224.7    0.788  233.9  279.0    1.783 -999.0000000 -999.0000000 -999.0  100
 2012    6  150  928.01    0.32    0.10   81.3    3.38    7.75   110.0    24.1   -18.5   309.1   311.7   239.6   239.0    0.778  273.5  311.7    1.964 -999.0000000 -999.0000000 -999.0  100
 2012    7  151  922.48    2.94    2.75   85.8    4.36    7.05   101.9    44.9    12.6   247.9   248.4   121.8   121.2    0.469  293.3  319.2    2.506 -999.0000000 -999.0000000 -999.0   87
 2012    8  152  922.38    0.34    0.24   79.5    3.39    6.05    99.6    28.2    -0.5   168.2   167.5   103.7   103.0    0.634  268.9  307.3    2.504 -999.0000000 -999.0000000 -999.0   87
 2012    9  153  914.88   -4.15   -4.52   85.7    2.55    7.93    95.5    24.7    -6.9    71.9    76.3    56.6    55.3 -999.000  260.1  289.8    2.470 -999.0000000 -999.0000000 -999.0  100
 2012   10  154  920.56   -9.40   -9.57   85.9    1.61    6.05    99.3    29.5    -2.9     8.7    12.9     9.3     9.5 -999.000  246.0  266.3    2.205 -999.0000000 -999.0000000 -999.0  100
 2012   11  155  913.46  -15.19  -15.33   92.4    1.10    6.02    98.9    20.3     0.8    -1.2     0.1     0.3     0.0 -999.000  230.3  244.8    1.785 -999.0000000 -999.0000000 -999.0  100
 2012   12  156  919.58  -19.40  -19.51   86.2    0.71    5.77    83.1    29.9    -0.4    -1.8     0.0     0.3     0.0 -999.000  201.8  228.0    1.693 -999.0000000 -999.0000000 -999.0  100
 2013    1  157  906.49  -20.81  -20.91   79.7    0.58    6.55    91.3    43.3    -1.4    -1.9     0.0     0.2     0.0 -999.000  187.9  220.7    1.694 -999.0000000 -999.0000000 -999.0   67
 2013    2  158  914.31  -23.85  -23.92   89.1    0.46    6.61    93.1    29.0     0.4     4.0     4.5     3.8     3.2 -999.000  179.6  212.1    1.741 -999.0000000 -999.0000000 -999.0   35
 2013    3  159  930.71  -17.65  -17.77   81.1    0.88    7.22    93.8    31.1    -3.1    56.2    57.9    42.1    41.4 -999.000  196.9  233.6    1.748 -999.0000000 -999.0000000 -999.0  100
 2013    4  160  920.27  -17.01  -16.97   83.6    0.84    7.00    95.2    23.0    -5.5   173.2   171.2   130.1   128.3    0.754  194.0  238.2    1.737 -999.0000000 -999.0000000 -999.0  100
 2013    5  161  922.63  -13.13  -12.89   81.2    1.12    4.13    90.2     6.0    -7.5   296.5   297.0   240.2   239.1    0.807  208.1  256.0    1.653 -999.0000000 -999.0000000 -999.0  100
 2013    6  162  918.30   -2.14   -2.41   84.2    2.95    6.23    99.5    11.1   -17.9   304.6   305.9   245.4   244.2    0.807  266.0  302.5    1.738 -999.0000000 -999.0000000 -999.0  100
 2013    7  163  919.92    0.31   -0.22   80.9    3.39    6.56    98.4    21.9   -17.7   280.4   280.7   213.5   212.3    0.766  270.5  311.0    1.941 -999.0000000 -999.0000000 -999.0  100
 2013    8  164  915.97   -1.36   -1.46   84.5    3.17    7.12    93.5    17.2   -11.3   161.3   160.1   124.5   123.3    0.787  275.5  304.0    2.135 -999.0000000 -999.0000000 -999.0  100
 2013    9  165  915.60   -6.90   -6.92   83.6    1.98    6.11    94.3    27.2    -3.9    68.5    65.0    59.7    59.5 -999.000  246.0  275.8    1.811 -999.0000000 -999.0000000 -999.0  100
 2013   10  166  918.65  -10.90  -10.96   87.8    1.56    5.00  -999.0    22.9    -0.6    11.7    11.6    10.1    10.2 -999.000  240.1  260.0    1.761 -999.0000000 -999.0000000 -999.0  100
 2013   11  167  908.39  -20.56  -20.60   90.3    0.62    6.58    94.0    23.3     0.0    -1.5     0.1     0.3     0.1 -999.000  202.2  225.0    1.722 -999.0000000 -999.0000000 -999.0  100
 2013   12  168  905.88  -22.74  -22.80   83.7    0.46    5.81    94.1    33.6     0.4    -1.9     0.0     0.4     0.0 -999.000  182.9  213.1    1.723 -999.0000000 -999.0000000 -999.0  100
 2014    1  169  908.28  -18.14  -18.19   88.2    0.89    6.18    95.6    35.1    -0.4    -1.5     0.0     0.2     0.0 -999.000  209.2  238.1    1.725 -999.0000000 -999.0000000 -999.0    9
 2014    2  170  909.19  -21.26  -21.39   72.6    0.48    5.40    83.7    49.6    -1.5     2.8     5.0     3.6     3.2 -999.000  178.0  215.1    1.724 -999.0000000 -999.0000000 -999.0   32
 2014    3  171  909.90  -22.68  -22.69   80.7    0.46    5.52    87.1    37.8    -1.0    61.3    62.4    43.2    36.8 -999.000  176.3  213.2    1.722 -999.0000000 -999.0000000 -999.0  100
 2014    4  172  917.19  -18.49  -18.44   82.8    0.70    7.15    91.0    20.8    -4.7   160.7   168.4   128.0   124.2 -999.000  193.3  232.3    1.717 -999.0000000 -999.0000000 -999.0  100
 2014    5  173  923.96  -10.45  -10.30   83.1    1.44    6.71   100.8     9.2    -9.4   276.1   275.4   223.4   221.9    0.808  227.8  266.0    1.689 -999.0000000 -999.0000000 -999.0  100
 2014    6  174  922.11   -1.48   -1.53   86.4    3.15    7.15    98.6    13.9   -17.7   294.0   293.2   236.4   235.2    0.812  276.4  306.2    1.592 -999.0000000 -999.0000000 -999.0  100
 2014    7  175  922.59    1.72    1.81   86.8    4.04    6.56    93.3    23.3    -3.0   241.3   241.3   154.2   153.8    0.616  289.3  317.7    2.064 -999.0000000 -999.0000000 -999.0  100
 2014    8  176  920.85   -0.69   -0.65   86.5    3.38    9.27   100.1    24.9   -15.4   127.9   128.3   103.1   102.5    0.796  289.1  307.3    2.231 -999.0000000 -999.0000000 -999.0  100
 2014    9  177  912.09   -6.10   -6.07   84.9    2.15    5.67    87.8    27.1    -3.7    77.6    79.4    64.7    64.9 -999.000  244.5  279.7    1.978 -999.0000000 -999.0000000 -999.0  100
 2014   10  178  920.31  -11.78  -11.81   86.6    1.35    4.93    83.1    30.1    -2.3    14.1    14.0    11.2    11.3 -999.000  231.1  254.8    1.925 -999.0000000 -999.0000000 -999.0  100
 2014   11  179  909.14  -16.02  -16.08   87.4    0.96    5.95    94.4    24.6    -0.3    -1.6     0.1     0.4     0.1 -999.000  218.3  240.0    1.834 -999.0000000 -999.0000000 -999.0  100
 2014   12  180  908.42  -22.79  -22.84   87.4    0.49    7.12    88.6    27.0    -0.4    -1.9     0.0     0.4     0.0 -999.000  186.2  216.5    1.787 -999.0000000 -999.0000000 -999.0   51
 2015    1  181  904.39  -24.51  -24.58   89.8    0.47    7.79    88.1    28.3     0.4    -1.8     0.0     0.3     0.0 -999.000  179.5  210.5    1.782 -999.0000000 -999.0000000 -999.0 -999
 2015    2  182  907.45  -30.17  -30.23   84.9    0.22    6.08    80.1    36.6     0.2     4.2     4.9     4.3     3.8 -999.000  154.7  188.5    1.800 -999.0000000 -999.0000000 -999.0   50
 2015    3  183  904.19  -21.18  -21.19   77.6    0.52    7.18    87.3    45.9    -1.6    57.0    54.9    42.8    42.5 -999.000  175.1  217.1    1.801 -999.0000000 -999.0000000 -999.0  100
 2015    4  184  916.81  -20.87  -20.80   75.8    0.50    6.64    86.4    25.5    -4.8   177.4   174.9   133.7   132.1    0.759  174.8  221.9    1.793 -999.0000000 -999.0000000 -999.0  100
 2015    5  185  917.37   -9.90   -9.70   82.3    1.51    5.84    89.6    13.5   -10.1   301.6   299.6   237.0   235.4    0.781  214.6  267.4    1.804 -999.0000000 -999.0000000 -999.0  100
 2015    6  186  924.10   -1.14   -0.76   75.9    2.81    5.38    95.0    15.9   -19.1   350.2   351.1   264.5   262.5    0.749  249.0  304.4    1.795 -999.0000000 -999.0000000 -999.0   90
 2015    7  187  931.08    3.59    3.75   74.1    3.88    6.06    89.1    55.8    -1.8   288.7   293.1   143.2   142.8    0.499  274.1  319.0    2.171 -999.0000000 -999.0000000 -999.0  100
 2015    8  188  923.56   -0.41   -0.36   76.4    3.01    5.17    88.1    22.0   -14.6   190.9   199.4   135.6   134.2    0.670  254.1  304.0    2.348 -999.0000000 -999.0000000 -999.0  100
 2015    9  189  917.02   -7.31   -7.41   89.0    2.09    5.89  -999.0    15.0    -1.8    70.3    84.5    60.8    59.0 -999.000  245.8  276.8    2.319 -999.0000000 -999.0000000 -999.0  100
 2015   10  190  909.20  -11.28  -11.36   91.9    1.52    5.91   104.4    16.6     1.2     9.7    14.2    10.2    10.2 -999.000  243.3  260.4    2.073 -999.0000000 -999.0000000 -999.0   93
 2015   11  191  909.96  -19.49  -19.53   96.8    0.80    5.95  -999.0     8.0     0.2    -0.6     0.1     0.2     0.1 -999.000  222.3  232.6    1.916 -999.0000000 -999.0000000 -999.0  100
 2015   12  192  905.60  -26.66  -26.66   88.9    0.36    5.81    83.8    29.0     0.6    -1.8     0.0     0.2     0.0 -999.000  171.1  201.6    1.809 -999.0000000 -999.0000000 -999.0   29
 2016    1  193  911.49  -18.44  -18.55   68.6    0.60    6.36    82.1    51.8    -3.7    -2.3     0.0     0.2     0.0 -999.000  179.2  224.1    1.867 -999.0000000 -999.0000000 -999.0 -999
 2016    2  194  910.21  -21.78  -21.79   81.8    0.57    6.72    85.8    35.3     0.0     2.3     4.4     4.2     3.6 -999.000  180.4  216.2    1.831 -999.0000000 -999.0000000 -999.0   58
 2016    3  195  908.34  -20.87  -20.85   85.5    0.60    6.11    88.0    31.7     0.4    54.0    54.0    45.5    45.2 -999.000  185.2  220.2    1.827 -999.0000000 -999.0000000 -999.0  100
 2016    4  196  920.72  -12.47  -12.42   86.4    1.38    8.11    96.8    23.8    -4.4   155.4   154.2   129.2   127.5 -999.000  225.2  256.9    1.748 -999.0000000 -999.0000000 -999.0  100
 2016    5  197  921.11   -6.25   -6.10   79.2    1.94    5.87    93.7    18.2   -12.7   286.1   290.8   235.7   234.0    0.805  235.0  281.3    1.611 -999.0000000 -999.0000000 -999.0  100
 2016    6  198  923.57   -0.93   -0.79   78.7    3.00    5.53    93.2    18.1   -22.6   330.6   331.6   255.8   254.3    0.774  261.9  306.4    1.726 -999.0000000 -999.0000000 -999.0  100
 2016    7  199  926.51    2.78    2.76   80.0    3.99    6.09    92.9  -999.0  -999.0   287.5   290.1   182.9   182.1    0.600  272.7  317.8    2.187 -999.0000000 -999.0000000 -999.0  100
 2016    8  200  922.13    1.15    1.07   84.9    3.75    5.38   101.0  -999.0  -999.0   163.6   162.0    98.1    98.2    0.643  275.8  313.6    2.477   76.4196570   68.1462460  762.8  100
 2016    9  201  914.85   -6.04   -6.22   88.6    2.21    6.79   107.8    19.6    -2.5    65.3    63.3    56.7    56.9 -999.000  255.2  280.2    2.313   76.4196567   68.1462669  759.7  100
 2016   10  202  916.28  -13.26  -13.55   81.5    1.15    5.44    88.4    32.9     0.8    16.2    13.6    12.3    12.0 -999.000  207.0  245.5    2.101   76.4196625   68.1462715  756.9  100
 2016   11  203  913.10  -14.87  -15.12   92.5    1.18    6.18   105.4    18.7     0.6    -0.9     0.0     0.3     0.0 -999.000  231.6  248.1    1.666 -999.0000000 -999.0000000 -999.0  100
 2016   12  204  906.75  -22.61  -22.85   89.4    0.53    5.90    87.6    32.0     0.6    -1.8     0.0     0.2     0.0 -999.000  178.1  214.5    1.671 -999.0000000 -999.0000000 -999.0  100
 2017    1  205  908.14  -24.35  -24.61   83.0    0.40    7.28    91.7    41.2     0.3    -2.0     0.0     0.2     0.0 -999.000  162.9  206.1    1.706 -999.0000000 -999.0000000 -999.0  100
 2017    2  206  906.46  -23.85  -24.08   91.5    0.50    6.90    95.3    33.6     2.0     5.0     4.8     4.1     3.8 -999.000  171.6  209.7    1.704 -999.0000000 -999.0000000 -999.0  100
 2017    3  207  911.67  -25.90  -26.07   81.5    0.34    6.36    99.2    29.0    -0.7    64.6    59.1    45.7    45.8 -999.000  158.8  202.6    1.710 -999.0000000 -999.0000000 -999.0  100
 2017    4  208  920.55  -16.67  -16.75   78.6    0.76    5.76    95.5    22.3    -5.9   176.8   169.2   134.9   133.6    0.797  182.4  237.2    1.717 -999.0000000 -999.0000000 -999.0  100
 2017    5  209  926.07   -7.81   -7.76   86.9    1.90    5.70   100.1     3.4   -11.1   279.0   273.5   224.0   223.0    0.818  235.8  278.9    1.681   76.4196651   68.1464189  761.2  100
 2017    6  210  921.13   -2.87   -2.77   88.9    2.92    5.71    92.3     1.8   -17.9   329.0   330.4   264.2   263.9    0.809  250.9  300.8    1.603   76.4196688   68.1464453  763.2  100
 2017    7  211  916.73    0.53    0.63   83.0    3.57    7.49   102.6    22.3   -16.5   292.3   290.9   211.8   210.8    0.734  260.9  312.8    1.747   76.4196648   68.1464542  761.7  100
 2017    8  212  918.75   -0.11   -0.35   88.6    3.62    6.62    99.4    13.5    -9.0   145.8   145.7   104.2   104.2    0.742  280.7  310.9    2.225   76.4196671   68.1464698  761.1  100
 2017    9  213  914.92   -6.69   -6.95   89.1    2.15    5.94    93.7    16.7    -0.2    65.1    63.7    58.1    58.2 -999.000  245.8  278.4    2.123   76.4196684   68.1464894  759.9  100
 2017   10  214  912.84  -11.17  -11.34   94.1    1.66    5.27   104.5  -999.0  -999.0    10.2    10.9     9.1     9.9 -999.000  246.4  262.0    2.008   76.4196676   68.1465111  759.4  100
 2017   11  215  917.56  -16.51  -16.78   85.7    0.90    7.06    98.3    32.3    -1.8    -0.7     0.0     1.5     0.0 -999.000  200.9  237.9    1.981   76.4196744   68.1465238  759.0  100
 2017   12  216  911.58  -17.07  -17.28   96.1    1.10    5.90   101.7    19.0     2.4    -1.2     0.0     0.3     0.0 -999.000  222.6  240.7    1.534   76.4196662   68.1465592  759.7  100
 2018    1  217  911.81  -22.03  -22.28   84.6    0.52    5.78    94.3    32.9     0.2    -1.9     0.0     0.3     0.0 -999.000  173.8  215.0    1.560   76.4196720   68.1465687  761.2  100
 2018    2  218  904.53  -25.74  -25.96   95.3    0.43    8.61   100.4    22.2     1.1     2.3     3.7     3.2     2.9 -999.000  168.4  207.3    1.603   76.4196696   68.1465837  759.9  100
 2018    3  219  924.07  -23.95  -23.91   89.1    0.49    6.00    96.9    24.5     0.4    63.5    56.3    43.4    43.3 -999.000  165.7  212.2    1.590   76.4196804   68.1465770  760.3  100
 2018    4  220  916.49  -16.49  -16.52   85.6    0.90    6.77   102.1    16.0    -4.7   176.2   170.4   132.3   130.8    0.770  189.2  239.4    1.579   76.4196812   68.1466167  762.5  100
 2018    5  221  911.40  -11.07  -10.98   85.4    1.52    5.24    99.3     4.7   -11.5   297.9   293.4   235.5   232.8    0.803  208.6  264.5    1.641   76.4196772   68.1466398  761.3  100
 2018    6  222  918.26   -2.24   -2.25   83.2    2.84    6.59    89.0    11.1   -27.1   337.4   337.9   266.6   265.5    0.797  248.6  301.9    1.546   76.4196775   68.1466733  762.6  100
 2018    7  223  915.40   -1.28   -1.28   90.6    3.37    7.31   104.4    -0.7   -18.2   269.9   267.3   214.9   212.9    0.808  276.9  308.9    1.485   76.4196798   68.1466973  762.9   93
 2018    8  224  915.23   -0.74   -0.80   90.2    3.56    7.55   102.9    12.4    -8.6   159.4   159.1   123.4   123.5    0.782  277.9  308.8    1.443   76.4196728   68.1467095  762.2   96
 2018    9  225  917.09   -7.90   -8.12   91.9    2.05    4.59    97.4    14.5    -0.9    73.0    71.2    61.6    62.1 -999.000  241.2  275.0    1.345   76.4196802   68.1467408  762.6  100
 2018   10  226  914.62  -14.46  -14.83   93.6    1.21    4.97    92.4    20.7     0.5    12.5    12.7    11.3    11.1 -999.000  221.4  248.2    1.220   76.4196845   68.1467492  763.0   48
 2018   11  227  918.56  -19.80  -20.24   84.5    0.67    6.05    98.9    35.2     0.2    -1.7     0.1     0.4     0.0 -999.000  187.2  223.4    1.153   76.4196889   68.1467674  764.9  100
 2018   12  228  910.51  -22.54  -23.00   89.9    0.53    6.33    93.7    26.3     0.0    -1.7     0.0     0.3     0.0 -999.000  183.7  217.0    1.031   76.4196833   68.1467978  759.9  100
 2019    1  229  912.89  -24.93  -25.42   90.5    0.44    6.59    94.6    36.0     0.8    -2.2     0.0     0.4     0.0 -999.000  161.9  207.7    1.085   76.4196853   68.1467894  763.2  100
 2019    2  230  912.10  -22.44  -22.91   78.9    0.44    4.19    82.0    43.7    -0.3     4.1     4.6     4.4     3.7 -999.000  167.8  212.3    1.087   76.4196925   68.1468269  764.2  100
 2019    3  231  907.54  -27.38  -27.75   92.1    0.35    4.91    84.3    20.5    -0.5    58.9    55.7    44.3    44.4 -999.000  163.1  202.3    1.087   76.4196856   68.1468285  763.1  100
 2019    4  232  916.86  -16.83  -17.01   85.6    0.92    5.77    97.8    16.3    -7.1   152.3   154.2   126.2   125.3 -999.000  210.8  240.8    1.051   76.4196871   68.1468632  762.0  100
 2019    5  233 -999.00 -999.00 -999.00 -999.0 -999.00 -999.00  -999.0  -999.0  -999.0  -999.0  -999.0  -999.0  -999.0    0.791 -999.0 -999.0    0.995   76.4201276   68.1453065  762.7  100
 2019    6  234 -999.00 -999.00 -999.00 -999.0 -999.00 -999.00  -999.0  -999.0  -999.0  -999.0  -999.0  -999.0  -999.0 -999.000 -999.0 -999.0 -999.000 -999.0000000 -999.0000000 -999.0 -999
 2019    7  235  925.79    2.69    2.93   78.2    3.86    7.57   101.2  -999.0  -999.0   255.4   254.5   155.4   155.0    0.622  278.6  318.6    1.788   76.4204992   68.1439822  760.4  100
 2019    8  236  926.79    2.01    2.15   79.3    3.71    6.21   100.5  -999.0  -999.0   174.2   174.1   103.4   103.5    0.619  272.0  314.8    2.468   76.4204992   68.1439822  760.1  100
 2019    9  237  917.86   -4.03   -4.05   72.4    2.19    7.37    99.5  -999.0  -999.0    84.9    81.4    55.3    55.6 -999.000  230.4  287.4    2.495   76.4204992   68.1439822  760.2  100
 2019   10  238  918.50   -8.69   -8.81   93.8    2.08    7.41   112.7  -999.0  -999.0     9.4    15.0     9.5    11.0 -999.000  255.8  273.3    2.287   76.4204992   68.1439822  758.6   80
 2019   11  239  912.50  -13.70  -13.86   91.7 -999.00    5.85   108.5  -999.0  -999.0    -1.1  -999.0     0.3  -999.0 -999.000  234.5  251.1    1.904   76.4204992   68.1439822  758.7   55
 2019   12  240 -999.00  -20.22 -999.00 -999.0 -999.00    7.06    32.5  -999.0  -999.0  -999.0  -999.0  -999.0  -999.0 -999.000 -999.0 -999.0    1.688   76.4204992   68.1439822  758.3   70
 2020    1  241 -999.00  -27.46  -28.30 -999.0 -999.00    5.65    78.4  -999.0  -999.0  -999.0  -999.0  -999.0  -999.0 -999.000 -999.0 -999.0    1.731   76.4204992   68.1439822  757.5  100
 2020    2  242  902.52  -26.21  -26.45   83.4 -999.00    4.81    89.6  -999.0  -999.0     5.8  -999.0     4.1  -999.0 -999.000  160.3  200.5    1.739   76.4203363   68.1446183  759.4  100
 2020    3  243  912.58  -25.87  -26.00   82.5 -999.00    7.05    98.6  -999.0  -999.0    66.1  -999.0    43.8  -999.0 -999.000  167.0  204.8    1.736   76.4196886   68.1470529  756.9  100
 2020    4  244  919.74  -12.93  -12.93   80.8 -999.00    8.50   107.4  -999.0  -999.0   154.9  -999.0   123.6  -999.0 -999.000  213.4  254.2    1.686   76.4196785   68.1470843  758.6  100
 2020    5  245  921.18   -8.20   -7.88   79.3    1.74    5.16    98.1  -999.0  -999.0   307.0   303.2   241.9   239.5    0.798  214.8  275.0    1.399   76.4196946   68.1471242  761.6  100
 2020    6  246  923.82   -1.74   -1.33   74.9    2.68    5.13    93.1  -999.0  -999.0   360.4   364.4   271.9   271.6    0.753  236.3  302.8    1.508   76.4196919   68.1471500  760.9  100
 2020    7  247  922.74    2.58    2.95   75.1    3.70    5.02    93.8  -999.0  -999.0   304.6   304.3   197.4   196.1    0.647  260.9  317.4    2.152   76.4198124   68.1466678  759.5  100
 2020    8  248  918.67   -0.84   -0.68   85.0    3.29    6.94   106.1  -999.0  -999.0   161.9   168.8   116.6   116.8    0.689  268.5  306.7    2.430   76.4204992   68.1439822  759.1  100
 2020    9  249  916.24   -8.52   -8.57   83.8    1.76    5.22    93.8  -999.0  -999.0    67.0  -999.0    57.3  -999.0 -999.000  227.4  267.5    2.363   76.4203184   68.1447061  757.6  100
 2020   10  250  916.81   -8.61   -8.70   88.3    1.96    6.73   102.3  -999.0  -999.0    11.8  -999.0    10.6  -999.0 -999.000  241.0  270.0    2.349   76.4196923   68.1472209  757.6  100
 2020   11  251  898.32  -18.52  -19.12   91.9 -999.00    6.48   111.4  -999.0  -999.0    -0.8  -999.0     0.2  -999.0 -999.000  225.6  239.5    2.137 -999.0000000 -999.0000000 -999.0   96
 2020   12  252 -999.00 -999.00 -999.00 -999.0 -999.00 -999.00  -999.0  -999.0  -999.0  -999.0  -999.0  -999.0  -999.0 -999.000 -999.0 -999.0 -999.000 -999.0000000 -999.0000000 -999.0  100
 2021    1  253 -999.00 -999.00 -999.00 -999.0 -999.00 -999.00  -999.0  -999.0  -999.0  -999.0  -999.0  -999.0  -999.0 -999.000 -999.0 -999.0 -999.000 -999.0000000 -999.0000000 -999.0 -999
 2021    2  254 -999.00 -999.00 -999.00 -999.0 -999.00 -999.00  -999.0  -999.0  -999.0  -999.0  -999.0  -999.0  -999.0 -999.000 -999.0 -999.0 -999.000 -999.0000000 -999.0000000 -999.0   50
