 Year MonthOfYear MonthOfCentury AirPressure(hPa) AirTemperature(C) AirTemperatureHygroClip(C) RelativeHumidity(%) SpecificHumidity(g/kg) WindSpeed(m/s) WindDirection(d) SensibleHeatFlux(W/m2) LatentHeatFlux(W/m2) ShortwaveRadiationDown(W/m2) ShortwaveRadiationDown_Cor(W/m2) ShortwaveRadiationUp(W/m2) ShortwaveRadiationUp_Cor(W/m2) Albedo_theta<70d LongwaveRadiationDown(W/m2) LongwaveRadiationUp(W/m2) HeightSensorBoom(m) LatitudeGPS_HDOP<1(degN) LongitudeGPS_HDOP<1(degW) ElevationGPS_HDOP<1(m) FanOK(%)
 2009    8  116 -999.00 -999.00 -999.00 -999.0 -999.00 -999.00  -999.0  -999.0  -999.0  -999.0  -999.0  -999.0  -999.0 -999.000 -999.0 -999.0 -999.000 -999.0000000 -999.0000000 -999.0  100
 2009    9  117  975.77   -1.91   -2.71   69.2    2.38    5.23   102.2    35.9   -21.1    88.8    86.9    58.6    57.4 -999.000  254.7  295.2    2.616   72.8932149   54.2950901  226.0  100
 2009   10  118  984.67   -8.41   -9.37   70.4    1.40    5.83    98.2    42.9   -11.2    22.9    23.1    16.4    16.1 -999.000  229.6  266.0    2.612   72.8932180   54.2950914  225.3  100
 2009   11  119  979.90  -14.52  -15.57   73.0    0.84    4.77    90.5    39.9    -2.9     0.1     1.0     1.2     0.7 -999.000  205.1  239.8    2.589 -999.0000000 -999.0000000 -999.0  100
 2009   12  120  986.88   -9.13  -10.11   69.7    1.38    6.50   100.3    66.0   -17.4    -0.8     0.0     0.4     0.0 -999.000  229.7  260.6    2.615 -999.0000000 -999.0000000 -999.0  100
 2010    1  121  980.79  -16.53  -17.54   87.2    1.02    2.80    99.6    20.3    -0.4    -0.8     0.1     0.3     0.1 -999.000  234.1  237.9    2.483 -999.0000000 -999.0000000 -999.0  100
 2010    2  122  989.70  -10.95  -11.96   72.8    1.22    4.47   104.4    37.5    -9.1    10.2    10.8     9.5     8.4 -999.000  224.0  252.0    2.607 -999.0000000 -999.0000000 -999.0  100
 2010    3  123  984.56  -15.33  -16.19   78.1    0.84    2.55    98.6    19.4    -1.6    81.9    80.0    65.2    63.3 -999.000  198.1  235.5    2.627 -999.0000000 -999.0000000 -999.0  100
 2010    4  124  989.18  -10.37  -10.99   74.3    1.24    3.14   101.8    18.5    -5.8   187.4   183.9   148.9   147.9    0.804  213.6  256.4    2.612   72.8932144   54.2951259  227.2  100
 2010    5  125  990.49   -0.53   -0.90   73.9    2.77    2.41    92.4    18.0    -4.9   269.8   269.8   199.5   199.4    0.744  266.8  301.9    2.613   72.8932084   54.2951389  227.8  100
 2010    6  126  984.60    4.23    3.86   78.1    4.05    2.38    89.5    22.6     0.5   281.4   284.1   170.1   169.3    0.600  294.6  318.6    2.423   72.8932076   54.2951373  226.6  100
 2010    7  127  982.63    5.07    4.70   73.8    4.08    2.79    88.6    29.5     0.9   277.9   286.7   164.4   164.3    0.574  285.8  319.3    2.407   72.8932045   54.2951375  226.5  100
 2010    8  128  985.34    5.12    4.53   76.1    4.20    3.21    95.3    37.3     4.0   161.6   159.3    91.4    90.5    0.576  305.2  319.1    2.460   72.8932001   54.2951392  225.3  100
 2010    9  129  981.93    0.58   -0.13   78.8    3.18    2.49   102.8    18.3    -5.0    81.8    79.4    60.1    59.8 -999.000  274.1  306.4    2.360   72.8931987   54.2951354  223.8  100
 2010   10  130  981.82   -3.97   -4.87   71.6    2.10    3.78   108.1    28.3    -7.2    19.6    21.7    17.4    16.8 -999.000  251.1  283.7    2.503   72.8931992   54.2951390  223.6  100
 2010   11  131  983.31   -4.45   -5.39   69.5    2.00    5.50   107.1    50.7   -11.1     0.2     0.8     1.0     0.6 -999.000  252.0  280.4    2.548 -999.0000000 -999.0000000 -999.0  100
 2010   12  132  990.37   -7.77   -8.74   74.1    1.57    6.61   110.0    49.5    -9.9    -0.7     0.0     0.5     0.0 -999.000  235.2  268.4    2.452 -999.0000000 -999.0000000 -999.0  100
 2011    1  133  982.40  -10.60  -11.57   70.9    1.24    6.37   104.4    46.5   -10.2    -0.5     0.2     0.5     0.1 -999.000  224.4  258.4    2.545   72.8931887   54.2952187  221.7  100
 2011    2  134  967.32  -16.44  -17.44   79.5    0.91    4.30   106.0    36.7    -3.2     9.1    11.4     9.4     8.0 -999.000  204.3  234.1    2.570 -999.0000000 -999.0000000 -999.0  100
 2011    3  135  981.32  -19.44  -20.31   75.3    0.58    4.36   107.6    29.6    -2.3    73.4    78.1    58.3    55.3 -999.000  181.5  224.2    2.533 -999.0000000 -999.0000000 -999.0  100
 2011    4  136  973.54  -18.77  -19.31   72.5    0.58    2.05   100.3    11.9    -0.5   192.5   195.2   155.2   154.6    0.789  176.3  224.8    2.560   72.8931877   54.2951791  224.8  100
 2011    5  137  989.54   -4.39   -4.82   82.5    2.21    2.38   107.2     8.8    -9.1   252.4   254.6   204.1   203.7    0.804  263.4  292.6    2.323   72.8931882   54.2951716  225.6  100
 2011    6  138  993.68    3.63    3.35   71.1    3.52    2.84   101.1    30.4    -6.8   325.1   328.7   212.3   211.5    0.651  275.5  316.2    2.126   72.8931873   54.2951850  225.7  100
 2011    7  139  983.57    6.55    6.08   66.5    4.06    4.55    93.5    80.0     1.2   271.6   273.9   154.9   153.8    0.567  295.4  321.0    2.066   72.8931892   54.2951846  225.2  100
 2011    8  140  988.51    4.25    3.67   75.6    3.93    3.06    88.2    35.4     0.2   179.0   183.0   105.8   105.4    0.583  291.2  317.8    2.009   72.8931856   54.2951830  223.1  100
 2011    9  141  976.27   -0.46   -1.19   68.7    2.62    4.15    99.1    32.4   -19.9    90.2    91.9    60.3    54.5 -999.000  258.5  301.2    2.188   72.8931870   54.2951824  221.8  100
 2011   10  142  981.74   -7.57   -8.49   72.3    1.57    4.61    96.6    35.7    -7.6    22.0    27.4    17.6    15.8 -999.000  239.1  269.9    2.377   72.8931871   54.2951837  220.3  100
 2011   11  143  974.24  -10.71  -11.68   70.8    1.26    6.02    95.3    45.5   -11.4     0.2     1.2     1.2     0.7 -999.000  222.1  256.5    2.486 -999.0000000 -999.0000000 -999.0  100
 2011   12  144  970.28  -15.43  -16.42   70.8    0.77    6.50    95.8    50.6    -6.9    -1.0     0.0     0.5     0.0 -999.000  195.3  238.6    2.568   72.8931782   54.2952727  220.1  100
 2012    1  145  974.53  -18.96  -20.01   82.8    0.65    2.75    98.6    23.6    -0.1    -1.0     0.2     0.6     0.1 -999.000  204.5  226.0    2.536   72.8931724   54.2952543  216.7  100
 2012    2  146  977.18  -20.81  -21.83   88.3    0.65    2.38    97.6    12.8    -0.7    11.9    12.3    13.3     7.2 -999.000  219.9  222.5    2.449 -999.0000000 -999.0000000 -999.0  100
 2012    3  147  981.53  -22.78  -23.65   81.8    0.54    2.12   100.5    14.8     0.1    65.0    69.5    65.5    42.3 -999.000  195.0  209.3    2.427 -999.0000000 -999.0000000 -999.0  100
 2012    4  148  987.23  -11.31  -11.92   82.6    1.28    2.44   100.8    17.3    -6.1   165.4   184.8   152.8   151.2 -999.000  230.5  255.2    2.208   72.8931823   54.2952199  221.6  100
 2012    5  149  990.73   -1.81   -2.23   83.9    2.81    1.86    97.2     8.7    -4.2   250.5   254.7   205.5   205.7    0.821  278.7  302.4    1.960   72.8931833   54.2952224  223.1  100
 2012    6  150  992.64    4.96    4.52   74.2    3.99    3.34    90.0    49.8     3.0   268.8   271.4   159.8   159.5    0.597  300.0  319.7    1.938   72.8931822   54.2952322  223.7  100
 2012    7  151  984.61    5.97    5.50   72.4    4.26    3.28    87.8    45.3     4.7   261.6   264.8   147.8   146.6    0.559  303.4  321.0    2.100   72.8931801   54.2952177  221.4  100
 2012    8  152  985.66    4.71    3.97   73.2    3.95    3.32   259.7    40.5    -3.0   164.1   160.0    89.8    89.5    0.572  293.7  318.4    2.503   72.8931671   54.2952419  219.3  100
 2012    9  153  979.50    1.31    0.31   71.9    3.08    4.26   271.4    31.2   -19.7    79.1    72.6    47.2    46.1 -999.000  275.4  309.9    2.557   72.8931605   54.2952661  217.4  100
 2012   10  154  987.16   -4.00   -5.14   69.4    1.97    6.31   272.3    52.8   -23.3    28.4    26.0    17.6    17.0 -999.000  242.5  284.7    2.589   72.8931612   54.2952804  215.7  100
 2012   11  155  980.68   -9.88  -11.10   67.2    1.22    6.46   268.4    51.0   -11.9    -0.2     0.7     0.9     0.5 -999.000  218.3  259.2    2.592   72.8931546   54.2953421  215.7  100
 2012   12  156  984.70  -12.30  -13.57   75.5    1.07    6.10   265.2    39.7    -5.4    -0.9     0.0     0.4     0.0 -999.000  212.5  249.3    2.571   72.8931618   54.2953237  219.1   80
 2013    1  157  972.51  -14.85  -16.15   75.4    0.86    4.58   267.7    46.6   -14.5    -0.9     0.1     0.7     0.1 -999.000  204.2  237.4    2.611   72.8931548   54.2953077  219.8 -999
 2013    2  158 -999.00 -999.00 -999.00 -999.0 -999.00 -999.00  -999.0  -999.0  -999.0  -999.0  -999.0  -999.0  -999.0 -999.000 -999.0 -999.0 -999.000 -999.0000000 -999.0000000 -999.0 -999
 2013    3  159 -999.00  -10.31  -11.08 -999.0 -999.00    3.45   277.0  -999.0  -999.0  -999.0  -999.0  -999.0  -999.0 -999.000 -999.0 -999.0    2.610 -999.0000000 -999.0000000 -999.0 -999
 2013    4  160  988.04   -9.65  -11.08   71.8    1.27    2.63   272.9    16.8    -5.7   181.5   176.5   135.9   133.2    0.757  226.5  257.3    2.619 -999.0000000 -999.0000000 -999.0 -999
 2013    5  161  989.49   -5.84   -7.48   65.6    1.57    2.18   263.1    13.7    -2.2   291.5   291.2   238.2   236.2    0.819  228.3  273.1    2.475 -999.0000000 -999.0000000 -999.0 -999
 2013    6  162  982.07    5.43    4.04   66.5    3.72    2.50   259.6    24.2    -2.3   315.0   315.5   201.4   200.4    0.642  281.2  318.8    2.540 -999.0000000 -999.0000000 -999.0 -999
 2013    7  163  983.00    6.57    5.19   65.2    3.97    3.38   256.5    39.1    -1.6   279.8   279.5   162.3   161.6    0.584  286.6  321.3    2.442 -999.0000000 -999.0000000 -999.0 -999
 2013    8  164  979.32    3.13    2.69   72.8    3.55    3.35   294.6    31.2   -11.0   175.1   170.4   101.6   101.0    0.609  289.5  316.6    2.664   72.8932130   54.2952791  220.2   93
 2013    9  165  979.58   -0.87   -1.42   74.7    2.72    3.69   298.6    23.4   -14.5    76.0    69.4    49.3    49.6 -999.000  276.3  302.0    2.653   72.8932155   54.2952802  219.5  100
 2013   10  166  983.68   -6.41   -7.10   72.6    1.74    4.34   298.9    30.6    -7.3    24.9    22.5    16.7    16.8 -999.000  246.5  275.6    2.641   72.8932156   54.2952893  219.3  100
 2013   11  167  975.40  -13.84  -14.60   71.1    0.88    5.97   297.2    41.9    -7.5     0.3     0.9     0.9     0.7 -999.000  211.4  245.4    2.652   72.8932167   54.2952947  218.7  100
 2013   12  168  972.59  -17.31  -18.13   78.6    0.63    4.00   291.6    29.0    -3.6    -0.7     0.0     0.3     0.0 -999.000  196.4  231.8    2.661   72.8932197   54.2953113  217.6  100
 2014    1  169  973.57  -12.15  -12.97   79.9    1.18    4.53   303.1    36.5    -6.9    -0.8     0.1     0.4     0.1 -999.000  222.0  248.8    2.632   72.8932181   54.2952948  217.3  100
 2014    2  170  974.89  -16.01  -16.82   76.5    0.81    3.59   300.3    32.4    -4.3    14.3    13.2    10.0     8.9 -999.000  202.3  232.3    2.655   72.8932072   54.2953163  218.4  100
 2014    3  171  977.00  -18.75  -19.39   78.8    0.67    2.60   295.5    18.1    -1.0    88.1    76.8    56.3    51.3 -999.000  193.5  224.4    2.658   72.8932067   54.2952266  222.5  100
 2014    4  172  984.88  -14.27  -14.68   78.9    0.96    2.28   301.1    13.9    -1.3   187.6   178.7   146.2   144.8    0.814  217.4  244.1    2.514   72.8932018   54.2953145  220.7  100
 2014    5  173  990.68   -6.66   -6.79   84.1    1.96    1.58   296.7     3.1    -4.5   273.9   275.6   218.6   221.2    0.806  253.6  283.6    2.470   72.8932006   54.2953152  219.8  100
 2014    6  174  986.24    3.61    3.38   74.6    3.68    3.13   295.8    37.3    -5.5   253.3   253.4   159.2   159.1    0.637  300.1  319.8    2.627   72.8932048   54.2953234  220.5  100
 2014    7  175  985.88    5.10    4.86   74.7    4.12    2.87   293.6    32.1     1.8   235.0   235.5   133.0   132.6    0.573  307.0  322.3    2.637   72.8932028   54.2953290  220.1  100
 2014    8  176  986.88    3.99    3.62   73.7    3.78    3.49   301.9    39.4    -3.7   157.5   152.6    85.0    85.0    0.570  298.2  319.2    2.664   72.8931994   54.2953228  218.1  100
 2014    9  177  975.87   -0.69   -1.19   73.8    2.79    3.42   299.7    17.9   -15.1    93.7    79.9    54.6    54.2 -999.000  267.9  303.2    2.574   72.8931969   54.2953137  217.1  100
 2014   10  178  985.21   -5.89   -6.54   69.6    1.70    4.65   299.6    33.3   -11.6    24.5    18.1    14.8    14.5 -999.000  246.0  277.3    2.567   72.8931979   54.2953106  217.4  100
 2014   11  179  975.16   -9.06   -9.81   70.8    1.38    4.75   294.9    38.1    -6.9     0.7     1.0     1.2     0.8 -999.000  227.5  260.5    2.575   72.8932002   54.2953328  217.6  100
 2014   12  180  976.34  -15.81  -16.58   75.8    0.79    5.09   284.9    35.9    -3.5    -0.8     0.0     0.3     0.0 -999.000  206.7  237.6    2.578   72.8931961   54.2953036  214.9  100
 2015    1  181  972.93  -19.42  -20.25   78.7    0.59    3.80   284.8    27.5    -1.8    -0.7     0.2     0.5     0.1 -999.000  197.7  223.5    2.565   72.8932061   54.2953358  214.9  100
 2015    2  182  977.30  -26.11  -26.96   82.8    0.34    2.67   286.3    18.2     0.3    18.0    13.3    12.9    11.0 -999.000  179.5  196.4    2.387   72.8931953   54.2953059  217.0  100
 2015    3  183  971.73  -19.30  -19.93   81.2    0.65    2.71   291.5    19.4    -2.4    80.9    74.4    62.3    61.5 -999.000  199.9  221.9    2.447 -999.0000000 -999.0000000 -999.0  100
 2015    4  184  984.40  -17.44  -17.84   76.6    0.68    2.81   295.0    13.4    -5.2   194.7   181.9   145.6   144.1    0.788  196.1  231.4    2.515   72.8931896   54.2953276  218.8  100
 2015    5  185  982.72   -4.98   -5.15   83.3    2.20    2.04   292.0     6.4    -9.1   253.3   257.7   209.8   209.5    0.805  264.8  292.1    2.431   72.8931921   54.2953393  218.4  100
 2015    6  186  987.63    1.47    1.46   81.2    3.39    2.02   289.1    19.4    -2.0   298.1   298.0   200.1   198.1    0.663  286.3  316.4    2.500   72.8931918   54.2953528  218.9   96
 2015    7  187  992.85    7.09    6.44   62.5    3.90    3.95   295.2    64.7    -4.0   275.3   271.0   161.9   161.4    0.580  294.2  324.0    2.663   72.8931893   54.2953467  217.8    6
 2015    8  188  987.51    3.35    3.78   73.4    3.58    2.96   114.1    25.6    -6.6   190.2   185.8   109.4   108.9    0.592  284.5  317.7    2.546   72.8932256   54.2953672  216.2  100
 2015    9  189  982.78   -2.38   -2.08   79.4    2.61    2.90   117.9    15.2    -5.8    94.6    85.4    59.0    58.5 -999.000  258.3  295.6    2.476   72.8932274   54.2953688  215.5  100
 2015   10  190  977.70   -6.34   -6.22   74.2    1.75    5.83   119.3    37.0   -13.7    23.6    20.2    15.9    15.7 -999.000  246.9  276.0    2.495   72.8932282   54.2953727  215.5  100
 2015   11  191  979.96  -13.32  -13.21   74.3    0.97    5.24   108.7    43.5    -4.3     0.4     1.2     1.2     0.9 -999.000  209.9  247.9    2.456   72.8932319   54.2953612  216.1  100
 2015   12  192  974.95  -19.72  -19.60   86.0    0.65    3.62   110.2    26.9    -1.3    -0.8     0.0     0.3     0.0 -999.000  202.3  223.9    2.486 -999.0000000 -999.0000000 -999.0  100
 2016    1  193  978.29  -14.43  -14.41   76.6    0.92    4.34   108.8    38.7    -7.3    -1.0     0.2     0.6     0.2 -999.000  208.4  240.3    2.495 -999.0000000 -999.0000000 -999.0  100
 2016    2  194  978.52  -16.93  -16.83   83.4    0.85    3.54   113.0    28.6    -5.2    11.1     9.3     8.7     7.8 -999.000  215.5  233.3    2.510   72.8932235   54.2953729  214.3  100
 2016    3  195  976.39  -14.59  -14.28   89.0    1.01    2.19   117.7    12.5    -0.8    55.6    63.1    54.0    53.6 -999.000  233.1  244.3    2.461   72.8932252   54.2953582  216.1  100
 2016    4  196  989.07   -4.39   -3.93   77.2    2.20    4.16   113.2    35.2   -14.6   160.3   158.2   116.4   116.1    0.754  257.6  287.5    2.485   72.8932271   54.2953895  216.1  100
 2016    5  197  987.03   -1.27   -0.53   79.9    2.77    2.10   119.1     8.4    -9.1   243.1   244.3   184.2   185.0    0.765  279.9  306.4    2.485   72.8932257   54.2953934  216.2  100
 2016    6  198  987.98    2.53    3.27   75.8    3.50    2.02   116.0    11.8    -4.2   291.8   293.2   185.9   185.0    0.634  289.3  318.1    2.460   72.8932257   54.2954049  216.2  100
 2016    7  199  990.57    6.03    6.58   66.7    3.90    3.73   116.4    51.9    -2.4   282.4   284.2   149.0   148.1    0.524  297.0  323.3    2.585   72.8932274   54.2954217  215.3  100
 2016    8  200  987.47    4.32    4.70   75.6    3.94    3.11   122.5    31.6    -0.4   164.2   161.8    88.7    88.0    0.558  301.5  320.5    2.630   72.8932292   54.2954268  214.4  100
 2016    9  201  981.74   -1.71   -1.38   73.0    2.49    3.40   130.8    18.1   -11.0    95.9    91.4    63.5    63.0 -999.000  265.5  296.8    2.621   72.8932292   54.2954242  213.5  100
 2016   10  202  983.28   -7.01   -6.87   74.2    1.69    4.24   117.5    30.4    -8.2    25.1    24.4    17.3    16.8 -999.000  245.7  272.6    2.598   72.8932285   54.2954218  213.1  100
 2016   11  203  981.22  -10.28  -10.19   70.9    1.27    5.49   108.7    40.1   -10.7    -0.1     0.7     0.9     0.5 -999.000  226.4  258.6    2.627   72.8932264   54.2954101  212.4  100
 2016   12  204  974.54  -16.89  -16.78   79.9    0.74    3.64   103.4    33.4    -2.3    -0.8     0.0     0.4     0.0 -999.000  193.8  233.3    2.633   72.8932319   54.2954404  212.6  100
 2017    1  205  977.30  -18.87  -18.79   82.3    0.67    2.98   106.9    17.9    -0.8    -0.7     0.2     0.6     0.1 -999.000  205.7  223.1    2.615   72.8932299   54.2954371  211.9  100
 2017    2  206  975.30  -19.21  -19.10   85.7    0.74    2.50   119.5    20.4    -1.4    16.2    11.8    11.7     8.8 -999.000  217.2  222.7    2.623   72.8932289   54.2954262  212.5  100
 2017    3  207  982.30  -19.48  -19.10   88.7    0.65    1.65   124.3     6.1     0.2    65.2    75.9    58.7    57.6 -999.000  221.7  224.8    2.577   72.8932246   54.2954217  212.1  100
 2017    4  208  988.33  -12.81  -12.21   76.4    1.06    2.22   129.0    11.1    -2.4   189.6   182.3   143.8   143.4    0.786  216.7  248.5    2.556   72.8932299   54.2954429  213.4  100
 2017    5  209  993.41   -2.13   -1.42   80.1    2.57    2.03   137.1     6.6    -8.2   238.8   237.5   185.6   185.3    0.785  281.5  303.3    2.569   72.8932260   54.2954472  213.4  100
 2017    6  210  986.54    1.19    2.03   84.6    3.52    1.36   125.2     3.5    -2.4   279.6   280.5   183.7   182.6    0.657  293.9  317.9    2.540   72.8932263   54.2954557  213.5  100
 2017    7  211  981.11    4.85    5.45   62.7    3.43    3.90   128.8    48.0   -12.5   280.3   283.3   159.0   158.4    0.560  286.7  320.5    2.538   72.8932279   54.2954672  212.5  100
 2017    8  212  984.81    3.85    4.04   73.1    3.72    2.97   131.9    24.7    -3.8   161.5   163.4    88.2    87.7    0.547  294.5  318.6    2.624   72.8932301   54.2954815  211.6  100
 2017    9  213  981.30   -1.70   -2.35   82.3    2.74    2.95   132.3    21.4    -6.2    77.9    82.5    57.2    58.3 -999.000  264.1  296.0    2.586   72.8932319   54.2954902  211.2  100
 2017   10  214  980.04   -5.29   -6.12   80.1    2.04    3.61   138.9    28.5    -3.1    20.0    22.6    17.3    17.6 -999.000  249.2  276.7    2.474   72.8932354   54.2954947  210.7  100
 2017   11  215  985.53  -10.89  -11.77   71.6    1.19    5.86   135.0    57.6    -5.9    -0.3     0.9     1.2     0.7 -999.000  204.8  253.2    2.446   72.8932301   54.2954925  209.7  100
 2017   12  216  980.00  -10.51  -11.42   80.3    1.39    4.12   136.6    32.8    -5.8    -0.9     0.0     0.4     0.0 -999.000  235.0  256.3    2.464   72.8932317   54.2955073  210.2  100
 2018    1  217  979.76  -18.29  -19.22   80.7    0.64    3.52   133.6    37.3    -0.4    -1.2     0.2     0.7     0.1 -999.000  194.2  225.6    2.421   72.8932348   54.2954887  209.9  100
 2018    2  218  975.52  -23.20  -24.10   87.2    0.44    2.24   133.9    15.4     0.3     9.2    10.2     9.3     8.4 -999.000  198.5  208.1    2.421   72.8932305   54.2954925  210.8  100
 2018    3  219  994.87  -19.58  -20.22   86.6    0.60    1.79   130.6     9.3     0.2    66.7    75.4    59.4    63.1 -999.000  222.0  219.6    2.185   72.8932345   54.2954978  211.9  100
 2018    4  220  984.85  -11.80  -12.14   82.1    1.20    2.17   136.8    12.2    -2.5   178.8   178.9   148.6   147.7    0.824  216.3  250.5    2.188   72.8932322   54.2955098  211.1  100
 2018    5  221  978.07   -6.24   -6.28   82.7    2.07    1.98   138.0     8.8    -5.6   267.0   265.4   211.0   209.6    0.800  245.2  283.2    2.240   72.8932312   54.2955179  211.5  100
 2018    6  222  982.85    1.31    1.17   84.5    3.57    2.24   131.6    17.6    -3.6   281.1   281.2   188.9   188.3    0.678  286.5  313.7    2.493   72.8932291   54.2955235  211.7  100
 2018    7  223  981.53    3.20    2.83   84.2    4.08    1.96   123.5    10.7     1.6   229.2   229.6   129.3   128.4    0.564  298.1  317.1    2.605   72.8932321   54.2955327  210.7  100
 2018    8  224  980.75    3.98    3.94   79.6    4.10    2.68   123.7    24.2     0.7   136.7   139.6    75.7    75.4    0.561  299.1  316.4    2.648   72.8932321   54.2955438  209.5  100
 2018    9  225  982.67   -1.69   -1.62   78.5    2.69    2.43   128.8    13.8    -3.6    87.8    96.4    56.3    56.0 -999.000  249.4  296.2    2.610   72.8932350   54.2955448  209.1  100
 2018   10  226  981.38   -9.24   -9.32   70.6    1.32    4.89   127.3    40.8    -7.3    19.9    27.7    16.5    17.1 -999.000  216.1  261.7    2.582   72.8932356   54.2955461  208.8  100
 2018   11  227  986.84  -13.11  -13.25   83.4    1.16    3.57   128.2    27.8    -1.5    -0.1     1.2     1.2     0.8 -999.000  216.7  243.0    2.431   72.8932337   54.2955361  208.3  100
 2018   12  228  979.31  -15.57  -15.73   85.7    0.92    2.59   128.2    20.7    -1.5    -0.5     0.0     0.2     0.0 -999.000  225.0  235.7    2.259 -999.0000000 -999.0000000 -999.0  100
 2019    1  229  982.61  -19.32  -19.46   90.7    0.65    1.99   134.5    15.0     0.5    -1.0     0.2     0.5     0.2 -999.000  210.8  224.9    2.247   72.8932356   54.2955445  208.6  100
 2019    2  230  979.00  -19.60  -19.69   89.3    0.62    1.27  -999.0    12.0     0.1     6.0     8.1    11.9     6.5 -999.000  212.7  219.8    2.243   72.8932357   54.2955503  208.6  100
 2019    3  231  977.51  -21.89  -21.75   86.7    0.52    2.16   126.3    17.6     0.4    60.3    73.5    61.6    62.0 -999.000  198.8  210.7    2.175   72.8932370   54.2955519  208.7  100
 2019    4  232  984.69   -9.25   -8.90   82.2    1.51    2.78   136.7    26.6    -5.4   154.5   165.0   133.5   136.4    0.836  239.7  264.4    2.172   72.8932314   54.2955562  208.9  100
 2019    5  233  995.64    0.28    0.83   82.2    3.13    1.74   128.4    10.0    -3.8   262.4   266.8   174.0   173.9    0.659  267.5  309.4    2.618   72.8932326   54.2955660  209.7  100
 2019    6  234  994.29    3.15    3.57   81.4    3.84    2.40   118.7    27.1    -2.2   254.3   255.9   153.8   153.3    0.610  297.6  316.5    2.632   72.8932334   54.2955720  209.3  100
 2019    7  235  990.00    6.28    6.70   66.0    3.91    3.87   117.5    56.8    -2.2   289.2   293.6   152.5   152.4    0.522  286.4  319.4    2.586   72.8932347   54.2955815  207.9  100
 2019    8  236  991.62    4.91    5.16   65.8    3.57    3.84   117.1    47.2   -11.1   207.8   215.7   115.5   115.2    0.537  267.9  316.5    2.541   72.8932372   54.2955930  206.6  100
 2019    9  237  983.50    1.27    1.34   70.3    2.97    4.09   126.6    37.7   -16.1    82.0    96.8    53.8    54.0 -999.000  262.9  305.7    2.647   72.8932377   54.2955892  205.9  100
 2019   10  238  988.28   -2.56   -2.63   71.7    2.22    4.01   132.1    33.9    -9.2    17.0    23.8    14.5    14.1 -999.000  257.8  288.0    2.649   72.8932396   54.2955918  206.2  100
 2019   11  239  981.49   -5.64   -5.78   72.2    1.82    5.20   133.7    45.9    -8.9    -0.2     0.9     1.1     0.5 -999.000  242.2  274.1    2.621 -999.0000000 -999.0000000 -999.0  100
 2019   12  240  978.67  -13.86  -13.99   70.2    0.87    4.69   120.9    40.5    -2.4    -1.2     0.0     0.6     0.0 -999.000  197.8  239.7    2.632   72.8932418   54.2955921  206.6  100
 2020    1  241  971.43  -20.32  -20.41   80.9    0.52    3.97   124.6    34.4    -1.4    -1.1     0.1     0.5     0.1 -999.000  193.7  220.1    2.628   72.8932417   54.2955817  205.6  100
 2020    2  242  971.98  -21.38  -21.48   85.8    0.53    2.17  -999.0    16.7     0.3    10.1    14.2    10.3     9.9 -999.000  189.5  213.8    2.664   72.8932393   54.2955868  206.8  100
 2020    3  243  983.35  -20.93  -20.85   81.6    0.56    2.77   127.1    20.5    -0.7    71.2    69.5    56.2    49.7 -999.000  194.7  216.3    2.658   72.8932356   54.2955881  205.2  100
 2020    4  244  988.61   -6.72   -6.46   69.2    1.71    4.17   130.4    34.1    -8.4   163.0   173.4   124.6   125.3    0.731  226.4  271.5    2.498   72.8932337   54.2955965  206.1  100
 2020    5  245  988.56   -2.71   -2.16   82.3    2.58    1.75   147.4     5.4    -3.5   244.9   249.3   190.5   190.0    0.778  267.1  297.8    2.425   72.8932336   54.2956005  206.3  100
 2020    6  246  988.80    1.65    2.24   80.6    3.45    1.73   127.3     9.4    -3.1   292.6   293.0   196.6   196.0    0.679  280.5  313.8    2.575   72.8932334   54.2956058  206.9  100
 2020    7  247  986.93    5.07    5.47   73.0    4.01    2.94   119.2    31.2    -0.3   257.2   257.6   141.3   140.5    0.547  293.7  318.9    2.585   72.8932341   54.2956159  205.9  100
 2020    8  248  984.76    3.91    4.13   71.8    3.65    2.88   126.0  -999.0  -999.0   167.0   168.1    93.8    93.7    0.566  289.1  316.7    2.558   72.8937436   54.2900579  205.8  100
 2020    9  249  982.57   -3.43   -3.39   72.4    2.21    3.89   129.4  -999.0  -999.0    94.5    90.3    60.5    60.4 -999.000  248.6  289.5    2.638   72.8938025   54.2897768  204.2  100
 2020   10  250  983.71   -4.17   -4.35   75.5    2.36    3.60   133.5  -999.0  -999.0    24.3    23.7    16.4    18.9 -999.000  246.8  280.4    2.666   72.8933782   54.2957064  204.8  100
 2020   11  251  974.83  -11.00  -11.20   76.6 -999.00    5.60   136.3  -999.0  -999.0     0.0  -999.0     1.0  -999.0 -999.000  224.8  256.0 -999.000   72.8933783   54.2956975  205.3  100
 2020   12  252  984.06   -9.47   -9.72   82.5 -999.00    4.25   136.7  -999.0  -999.0    -0.7  -999.0     0.4  -999.0 -999.000  237.6  259.6 -999.000   72.8933758   54.2956886  205.2  100
 2021    1  253  988.97  -12.04  -12.32   80.2 -999.00    3.47   141.0  -999.0  -999.0    -0.5  -999.0     0.6  -999.0 -999.000  225.1  247.7 -999.000   72.8933783   54.2957054  203.8  100
 2021    2  254  982.82  -16.34  -16.57   77.0 -999.00    3.44   137.0  -999.0  -999.0    14.6  -999.0    12.0  -999.0 -999.000  206.6  231.2    2.538   72.8933794   54.2957023  203.9  100
 2021    3  255  981.97  -18.86  -18.84   84.8 -999.00    2.21   149.8  -999.0  -999.0    67.0  -999.0    59.1  -999.0 -999.000  216.0  225.9    2.517   72.8933790   54.2957021  205.4  100
 2021    4  256  998.02   -9.28   -9.02   72.3 -999.00    3.60   137.8  -999.0  -999.0   171.9  -999.0   138.1  -999.0 -999.000  230.0  263.4    2.441   72.8933733   54.2957142  205.0  100
 2021    5  257  991.79   -0.08    0.45   75.7    2.76    3.30   140.3  -999.0  -999.0   256.2   263.7   186.4   186.5    0.730  267.9  306.9    2.552   72.8933753   54.2957212  206.2  100
 2021    6  258  984.02    3.43    4.07   72.9    3.53    2.94   133.1  -999.0  -999.0   312.5   320.5   199.6   199.5    0.631  275.2  316.6    2.489   72.8933752   54.2957315  205.7  100
 2021    7  259  984.07    4.46    4.76   79.8    4.19    2.83   133.8  -999.0  -999.0   194.4   196.5   115.7   115.8    0.599  310.0  319.0    2.499   72.8933750   54.2957502  204.2  100
 2021    8  260  984.39    5.03    5.19   80.0    4.36    2.87   130.9  -999.0  -999.0   148.6   150.4    81.7    81.9    0.569  306.4  319.0    2.669   72.8933708   54.2957707  203.1  100
 2021    9  261  988.10   -3.62   -3.60   71.1    2.12    4.24   139.1  -999.0  -999.0    94.9  -999.0    61.3  -999.0 -999.000  246.8  287.7    2.662   72.8933705   54.2957743  202.2  100
 2021   10  262  990.05   -4.20   -4.39   69.3    2.03    4.16   147.2  -999.0  -999.0    19.8  -999.0    13.7  -999.0 -999.000  253.3  282.1    2.566   72.8933709   54.2957700  201.9  100
 2021   11  263  984.43  -11.21  -11.42   74.9 -999.00    5.01   132.9  -999.0  -999.0    -0.1  -999.0     1.0  -999.0 -999.000  225.5  255.1    2.434   72.8933712   54.2957751  202.2  100
 2021   12  264  977.77   -7.94   -8.18   84.6 -999.00    4.56   136.9  -999.0  -999.0    -0.9  -999.0     0.5  -999.0 -999.000  251.9  269.7    2.524   72.8933722   54.2957696  201.1  100
 2022    1  265 -999.00 -999.00 -999.00 -999.0 -999.00 -999.00  -999.0  -999.0  -999.0  -999.0  -999.0  -999.0  -999.0 -999.000 -999.0 -999.0 -999.000 -999.0000000 -999.0000000 -999.0  100
