 Year MonthOfYear MonthOfCentury AirPressure(hPa) AirTemperature(C) AirTemperatureHygroClip(C) RelativeHumidity(%) SpecificHumidity(g/kg) WindSpeed(m/s) WindDirection(d) SensibleHeatFlux(W/m2) LatentHeatFlux(W/m2) ShortwaveRadiationDown(W/m2) ShortwaveRadiationDown_Cor(W/m2) ShortwaveRadiationUp(W/m2) ShortwaveRadiationUp_Cor(W/m2) Albedo_theta<70d LongwaveRadiationDown(W/m2) LongwaveRadiationUp(W/m2) HeightSensorBoom(m) LatitudeGPS_HDOP<1(degN) LongitudeGPS_HDOP<1(degW) ElevationGPS_HDOP<1(m) FanOK(%)
 2009    8  116 -999.00 -999.00 -999.00 -999.0 -999.00 -999.00  -999.0  -999.0  -999.0  -999.0  -999.0  -999.0  -999.0 -999.000 -999.0 -999.0 -999.000 -999.0000000 -999.0000000 -999.0  100
 2009    9  117  886.96   -7.95   -8.21   78.2    1.85    5.54   118.8    18.1   -15.0    96.0    94.8    64.7    64.1 -999.000  227.0  274.8    2.602   72.8914012   53.5353898  978.7  100
 2009   10  118  893.14  -13.58  -13.94   80.1    1.14    6.73   112.0    27.7    -5.5    22.8    22.7    19.3    19.1 -999.000  210.9  250.4    2.575   72.8913640   53.5358582  979.0  100
 2009   11  119  886.85  -19.88  -20.29   76.2    0.62    5.88   107.9    40.3    -1.6    -0.1     1.0     1.3     0.8 -999.000  177.6  222.3    2.545   72.8913065   53.5364457  979.0  100
 2009   12  120  895.29  -13.52  -13.92   74.5    1.17    8.15   118.0    50.0    -8.3    -0.9     0.0     0.4     0.0 -999.000  204.2  247.2    2.606   72.8912638   53.5369580  979.9  100
 2010    1  121  886.98  -18.59  -18.98   87.6    0.99    4.00   110.1    25.6     0.1    -0.3     0.2     0.3     0.1 -999.000  220.8  230.9    2.219 -999.0000000 -999.0000000 -999.0  100
 2010    2  122  897.21  -14.86  -15.22   78.5    1.06    7.46   116.5    41.2    -8.5    10.2    11.3    10.5     9.3 -999.000  205.0  243.7    2.360 -999.0000000 -999.0000000 -999.0  100
 2010    3  123  891.42  -16.53  -16.81   73.1    0.80    6.20   114.1    45.8    -6.3    78.0    79.9    66.2    65.4 -999.000  178.8  234.2    2.391 -999.0000000 -999.0000000 -999.0  100
 2010    4  124  897.00  -12.90  -13.00   73.4    1.08    5.98   109.9    28.7   -10.4   195.8   192.2   156.0   155.4    0.817  192.1  251.8    2.386   72.8910830   53.5390260  978.8  100
 2010    5  125  901.31   -3.09   -2.96   73.0    2.56    4.24   112.7    28.5   -16.1   299.6   295.9   219.4   218.1    0.751  241.8  293.9    2.462   72.8910365   53.5395454  978.7  100
 2010    6  126  897.95    1.85    1.93   79.5    3.84    3.89   113.8    23.9   -12.5   316.0   313.5   176.4   174.7    0.561  278.4  316.5    2.608   72.8909907   53.5400937  978.6  100
 2010    7  127  896.77    2.07    2.09   78.5    3.87    3.56   102.5    20.8    -9.4   295.0   295.8   146.1   145.6    0.480  268.6  316.0    2.668   72.8909398   53.5406520  977.6  100
 2010    8  128  899.52    2.27    2.16   81.7    4.07    3.26    90.4    19.4    -3.9   176.7   175.6    75.8    75.1    0.433  289.0  316.5    2.675   72.8908867   53.5412053  975.7  100
 2010    9  129  894.21   -3.40   -3.58   80.3    2.63    3.99    93.9    21.6    -9.6    95.0    90.3    70.3    69.8 -999.000  247.7  291.3    2.491   72.8908373   53.5417233  973.5  100
 2010   10  130  892.68   -8.82   -9.15   78.2    1.74    5.09    89.3    24.0    -9.5    21.5    19.1    16.6    16.3 -999.000  232.0  269.6    2.565   72.8907962   53.5422134  973.3  100
 2010   11  131  894.08   -9.59   -9.95   77.3    1.63    7.47    95.3    40.5   -11.3     0.5     1.0     1.0     0.8 -999.000  231.1  264.9    2.561 -999.0000000 -999.0000000 -999.0  100
 2010   12  132  899.73  -12.58  -12.94   83.7    1.32    8.26    93.3    30.8    -6.6    -0.5     0.0     0.2     0.0 -999.000  220.8  255.3    2.523   72.8907025   53.5432946  973.7  100
 2011    1  133  891.23  -16.21  -16.56   80.8    1.01    7.78    90.5    28.7    -5.5    -0.3     0.2     0.3     0.1 -999.000  204.8  241.6    2.538 -999.0000000 -999.0000000 -999.0  100
 2011    2  134  875.28  -20.01  -20.37   81.7    0.76    7.80    92.7    40.1    -3.3    10.4    11.2     9.6     8.7 -999.000  177.4  225.2    2.574 -999.0000000 -999.0000000 -999.0  100
 2011    3  135  887.10  -23.86  -24.14   81.1    0.49    6.49    87.3    29.5    -1.0    77.8    77.5    60.9    60.5 -999.000  160.3  212.2    2.600 -999.0000000 -999.0000000 -999.0  100
 2011    4  136  880.01  -21.74  -21.79   73.0    0.53    4.01    92.9    19.9    -3.8   199.4   191.4   150.7   150.6    0.794  158.5  219.7    2.594   72.8905194   53.5453163  967.5  100
 2011    5  137  899.14   -7.41   -7.32   76.2    1.76    5.23    96.0    13.7   -19.6   305.7   300.4   228.6   228.2    0.769  222.4  279.3    2.538   72.8904801   53.5458133  970.5  100
 2011    6  138  906.19    0.48    0.58   74.5    3.26    4.97    93.0    28.6   -24.6   351.5   349.9   216.7   216.3    0.631  256.3  310.1    2.513   72.8904369   53.5463362  970.1  100
 2011    7  139  898.63    3.32    3.25   75.7    4.06    4.98    83.6    45.7    -9.3   290.8   292.2   121.7   120.9    0.410  277.1  318.1    2.564   72.8903913   53.5463364  967.2  100
 2011    8  140  902.12    0.94    0.84   79.8    3.61    3.34    87.2    17.7   -10.6   198.0   195.8    96.8    96.7    0.506  270.7  312.6    2.597   72.8903335   53.5474701  966.3  100
 2011    9  141  888.98   -5.92   -6.15   76.9    2.04    5.38    88.8    25.3   -15.2    96.7    88.7    72.7    70.2 -999.000  239.6  281.9    2.569   72.8902935   53.5479804  964.1  100
 2011   10  142  891.71  -13.70  -14.04   81.4    1.15    5.58    82.4    25.3    -4.8    23.4    22.1    19.2    19.5 -999.000  215.7  250.6    2.526   72.8902549   53.5484665  963.2  100
 2011   11  143  884.12  -17.20  -17.57   81.4    0.96    7.65    82.2    36.3    -6.9     0.4     0.9     1.1     0.8 -999.000  198.4  237.3    2.599   72.8902015   53.5490468  959.5  100
 2011   12  144  879.08  -21.59  -21.97   79.8    0.56    8.85    81.5    38.1    -4.0    -0.6     0.0     0.2     0.0 -999.000  173.2  220.5    2.568 -999.0000000 -999.0000000 -999.0  100
 2012    1  145  881.97  -20.78  -21.17   80.6    0.64    6.97    85.3    42.5    -1.3    -0.6     0.1     0.4     0.1 -999.000  176.8  221.6    2.539   72.8901147   53.5500314  959.5  100
 2012    2  146  883.91  -21.37  -21.75   80.4    0.67    5.72    87.1    41.6    -1.5    12.1    10.9    10.9    10.5 -999.000  184.0  218.4    2.523 -999.0000000 -999.0000000 -999.0  100
 2012    3  147  886.77  -23.93  -24.21   78.6    0.60    5.88    82.8    35.8    -2.0    77.2    65.2    62.0    61.6 -999.000  171.7  212.3    2.601   72.8900366   53.5511023  960.5  100
 2012    4  148  896.04  -13.04  -13.14   81.1    1.26    4.19    86.1    23.0    -4.2   188.9   180.2   152.5   152.8    0.855  208.1  252.3    2.369   72.8899875   53.5515418  961.8  100
 2012    5  149  902.11   -4.64   -4.55   81.8    2.46    3.92    91.2    14.8   -12.1   284.6   280.5   234.9   235.3    0.850  254.7  291.4    2.216   72.8899448   53.5520311  962.5  100
 2012    6  150  906.77    2.18    2.17   79.8    3.91    3.87    81.0    28.4    -7.7   286.7   284.0   156.8   156.3    0.543  284.8  316.6    2.617   72.8898991   53.5525557  962.3  100
 2012    7  151  900.15    3.16    3.05   80.2    4.24    4.43    71.7    40.1    -0.5   275.3   272.2   133.9   133.2    0.493  287.9  318.1    2.671   72.8898500   53.5531259  960.5  100
 2012    8  152  900.32    1.48    1.25   77.5    3.69    5.12   252.4    38.6   -12.5   177.1   169.7    95.6    95.5    0.568  273.4  311.4    2.576   72.8898171   53.5536351  959.5  100
 2012    9  153  893.07   -3.98   -4.32   81.9    2.57    5.85   256.3    31.4    -9.1    84.1    81.1    64.6    64.3 -999.000  255.8  289.1    2.521   72.8897827   53.5540983  958.3  100
 2012   10  154  898.68  -10.21  -10.68   82.8    1.63    7.67   253.7    45.0    -2.9    25.4    27.3    22.2    21.9 -999.000  222.8  262.1    2.358   72.8897466   53.5545823  957.1  100
 2012   11  155  890.82  -16.28  -16.78   82.4    0.98    7.93   252.0    46.4    -0.6    -0.2     0.8     1.0     0.6 -999.000  198.3  238.0    2.175   72.8896962   53.5551131  956.4  100
 2012   12  156  893.76  -17.68  -18.17   84.9    0.85    7.02   247.9    41.0    -0.3    -0.8     0.0     0.3     0.0 -999.000  198.7  232.8    2.144   72.8896468   53.5555960  954.7  100
 2013    1  157  882.52  -17.81  -18.36   75.6    0.78    8.21   252.3    64.0    -4.5    -1.0     0.2     0.7     0.2 -999.000  178.2  229.7    2.219 -999.0000000 -999.0000000 -999.0  100
 2013    2  158  890.40  -20.11  -20.60   80.1    0.66    6.12   251.7    42.5    -0.2    12.5    12.1    10.5    10.0 -999.000  182.6  222.5    2.224   72.8895887   53.5565551  957.2  100
 2013    3  159  907.08  -15.77  -16.20   78.7    1.04    7.64   253.7    51.9    -3.3    75.3    70.3    58.6    58.4 -999.000  193.9  239.3    2.227   72.8895275   53.5570712  952.6  100
 2013    4  160  897.48  -13.78  -13.99   79.0    1.12    5.78   261.5  -999.0  -999.0   180.2   169.4   143.0   143.3    0.847  202.6  248.5 -999.000   72.8894951   53.5575172  952.2  100
 2013    5  161  899.03  -12.62  -12.37   80.0    1.24    3.60   254.7  -999.0  -999.0   318.5   313.5   255.0   255.7    0.822  200.2  255.3 -999.000   72.8894543   53.5580104  954.7  100
 2013    6  162  897.05    0.97    1.05   77.4    3.52    4.44   254.4  -999.0  -999.0   349.8   346.8   239.3   238.6    0.689  257.6  310.4 -999.000   72.8894107   53.5585247  955.2  100
 2013    7  163  898.70    1.54    1.48   81.0    3.84    4.09   246.1  -999.0  -999.0   290.8   291.3   162.3   162.0    0.552  267.6  312.8 -999.000   72.8893665   53.5590424  953.6  100
 2013    8  164  894.35   -1.20   -1.04   78.8    3.10    4.91   274.9    27.3   -21.5   191.2   194.8   128.8   128.8    0.691  266.1  302.2    2.524   72.8893148   53.5595649  952.3  100
 2013    9  165  893.32   -5.88   -5.75   79.3    2.20    6.35   277.5    34.9   -12.6    80.8    80.8    70.3    70.0 -999.000  250.7  281.5    2.478   72.8892708   53.5600577  951.0  100
 2013   10  166  895.50  -11.89  -11.78   80.6    1.42    6.14   273.1    38.9    -5.0    20.6    23.6    20.9    20.9 -999.000  226.0  255.9    2.244   72.8892353   53.5605235  951.3  100
 2013   11  167  885.54  -19.74  -19.64   83.0    0.69    6.82   274.4    40.1    -0.4     0.2     1.1     1.3     1.0 -999.000  191.4  225.4    2.193 -999.0000000 -999.0000000 -999.0  100
 2013   12  168  881.86  -21.67  -21.57   81.3    0.55    7.46   274.1    49.0    -1.2    -0.8     0.0     0.4     0.0 -999.000  178.4  217.4    2.163 -999.0000000 -999.0000000 -999.0  100
 2014    1  169  885.00  -15.30  -15.23   77.9    1.00    9.13   276.3    58.9    -4.7    -0.8     0.2     0.7     0.2 -999.000  190.6  240.4    2.170   72.8891108   53.5621430  950.2  100
 2014    2  170  884.98  -18.76  -18.67   77.1    0.75    7.68   275.1    53.4    -6.3    11.3    12.0    10.7    10.2 -999.000  188.3  228.2    2.249 -999.0000000 -999.0000000 -999.0  100
 2014    3  171  885.66  -21.50  -21.36   74.0    0.59    6.42   275.0    44.1    -4.3    71.6    72.8    61.4    61.1 -999.000  164.7  218.6    2.224   72.8890174   53.5630326  946.7  100
 2014    4  172  893.99  -17.68  -17.41   80.5    0.83    4.41   277.8    25.1    -2.6   179.4   185.7   153.5   153.1    0.826  190.5  234.4    2.216   72.8889771   53.5635553  946.8  100
 2014    5  173  901.99   -9.07   -8.67   78.4    1.63    3.57   280.2    16.2    -9.3   294.2   297.9   249.8   249.0    0.838  223.2  270.5    2.105   72.8889417   53.5640340  948.9  100
 2014    6  174  901.65    0.68    0.99   79.1    3.52    4.93   280.2    33.0   -16.1   292.7   293.5   212.3   211.1    0.730  280.6  311.3    2.318   72.8889029   53.5645446  948.8  100
 2014    7  175  901.99    2.15    2.39   81.2    4.00    4.08   272.1    27.4    -7.1   257.7   260.0   128.6   128.0    0.483  284.0  316.2    2.600   72.8888576   53.5650849  947.8  100
 2014    8  176  902.11    0.41    0.61   78.9    3.47    5.15   281.7    32.1   -14.9   162.2   168.5   100.0    99.6    0.595  279.6  308.2    2.585   72.8888146   53.5656107  945.7  100
 2014    9  177  890.12   -5.78   -5.61   79.8    2.20    5.64   277.5    25.6   -10.4    88.2   103.7    67.8    66.5 -999.000  241.5  282.3    2.613   72.8887731   53.5660934  943.6  100
 2014   10  178  897.42  -11.75  -11.64   78.5    1.30    6.84   276.5    35.4    -8.4    19.2    25.6    17.0    16.7 -999.000  222.5  256.8    2.635   72.8887357   53.5665927  942.4  100
 2014   11  179  887.45  -13.91  -13.81   78.2    1.15    7.37   281.4    47.9    -3.5     0.0     1.2     1.6     0.8 -999.000  205.6  245.9    2.514 -999.0000000 -999.0000000 -999.0  100
 2014   12  180  886.06  -21.49  -21.37   84.9    0.61    6.77   277.5    38.4     0.3    -0.8     0.0     0.4     0.0 -999.000  184.4  219.2    2.351 -999.0000000 -999.0000000 -999.0  100
 2015    1  181  881.50  -23.85  -23.73   83.8    0.50    7.26   279.0    43.7    -0.5    -0.7     0.2     0.6     0.1 -999.000  175.2  210.8    2.323   72.8886125   53.5680615  945.7  100
 2015    2  182  883.59  -28.28  -28.14   81.0    0.35    5.98   277.5    44.4     0.4     9.3    13.5    11.0    10.5 -999.000  155.1  194.7    2.236 -999.0000000 -999.0000000 -999.0  100
 2015    3  183  881.17  -20.23  -20.08   81.4    0.69    7.14   278.8    47.0    -2.2    66.5    75.2    61.1    60.7 -999.000  180.4  223.1    2.302 -999.0000000 -999.0000000 -999.0  100
 2015    4  184  893.10  -19.66  -19.41   76.3    0.61    5.78   278.1    36.7    -3.7   183.2   193.0   160.8   160.3    0.832  171.7  224.9    2.099   72.8884902   53.5695138  941.5  100
 2015    5  185  895.63   -7.95   -7.57   80.1    1.84    4.53   282.4    20.6   -12.4   287.5   291.7   246.2   245.3    0.845  230.6  276.2    1.838   72.8884590   53.5700148  942.2  100
 2015    6  186  902.74   -0.41   -0.01   74.7    3.08    4.46   280.0    27.8   -19.3   347.1   349.7   254.2   253.0    0.724  252.8  307.1    2.036   72.8884161   53.5705074  942.0  100
 2015    7  187  909.66    2.72    2.96   74.6    3.78    5.01   272.2    46.0   -14.0   303.5   307.7   156.3   155.9    0.511  268.3  315.6    2.557   72.8883717   53.5710550  941.3  100
 2015    8  188  901.88   -0.92   -0.61   80.0    3.15    3.93   124.5  -999.0  -999.0   186.2   197.9   117.5   118.3    0.620  252.4  305.1    2.505   72.8883199   53.5715794  938.8  100
 2015    9  189  895.70   -7.56   -7.35   81.3    1.93    5.06   124.0  -999.0  -999.0    94.9   101.1    79.4    80.0 -999.000  225.0  272.5    2.484   72.8882834   53.5720586  936.8  100
 2015   10  190  890.05  -12.30  -12.17   82.6    1.26    7.24   122.7  -999.0  -999.0    20.9    28.9    20.0    23.3 -999.000  218.2  254.4    2.467   72.8882636   53.5725391  942.2  100
 2015   11  191  889.86  -19.93  -19.81   80.5 -999.00    6.28   122.7  -999.0  -999.0     0.0  -999.0     1.2  -999.0 -999.000  184.8  224.5    2.375   72.8882037   53.5730448  936.8  100
 2015   12  192  883.56  -23.81  -23.68   85.5    0.54    6.24   125.9    36.8    -0.0    -1.0     0.0     0.3     0.0 -999.000  182.0  212.1    2.339 -999.0000000 -999.0000000 -999.0  100
 2016    1  193  888.87  -17.84  -17.74   76.0    0.80    8.87   120.2    61.4    -5.2    -1.1     0.2     0.5     0.1 -999.000  180.2  230.4    2.316 -999.0000000 -999.0000000 -999.0  100
 2016    2  194  888.23  -18.33  -18.21   76.8    0.76    8.58   123.9    64.3    -4.1     9.4    11.0     9.9     9.6 -999.000  177.8  228.5    2.415   72.8881092   53.5745063  935.9  100
 2016    3  195  886.66  -16.00  -15.82   80.8    0.97    5.65   124.1  -999.0  -999.0    65.6    67.2    59.1    59.6 -999.000  199.0  238.9    2.283   72.8880626   53.5750065  933.3  100
 2016    4  196  901.30   -8.25   -8.01   80.8    1.95    6.69   124.3    37.7   -14.0   162.1   168.8   141.4   141.6    0.855  230.6  272.7    2.085   72.8880219   53.5754825  936.5  100
 2016    5  197  899.96   -4.93   -4.50   77.8    2.25    4.65   126.7    18.2   -18.9   268.8   273.5   227.9   226.8    0.839  244.4  289.3    2.024   72.8879806   53.5759665  937.3  100
 2016    6  198  902.44   -0.49    0.01   79.7    3.29    3.82   121.6    20.8   -13.6   328.7   334.1   253.4   252.9    0.771  257.1  308.3    2.128   72.8879425   53.5764615  938.2  100
 2016    7  199  906.74    2.74    3.08   75.4    3.85    5.44   115.1    43.7   -14.7   294.8   303.0   159.2   159.0    0.526  262.0  316.1    2.562   72.8879028   53.5769938  937.4  100
 2016    8  200  903.02    0.95    1.23   80.0    3.62    4.14   110.3    20.1   -13.1   172.8   179.8    91.8    91.9    0.523  268.3  312.0    2.519   72.8878647   53.5775186  935.9  100
 2016    9  201  895.46   -7.08   -6.87   80.5    1.95    5.59   110.8  -999.0  -999.0    93.4    98.1    78.3    78.3 -999.000  235.1  275.6    2.482   72.8878293   53.5779956  934.5  100
 2016   10  202  895.39  -12.51  -12.35   82.2    1.40    6.30   107.5  -999.0  -999.0    21.6    25.1    19.7    19.5 -999.000  217.1  253.5    2.451   72.8877947   53.5784678  933.1  100
 2016   11  203  892.64  -16.38  -16.25   82.5    0.99    7.56   110.2  -999.0  -999.0    -0.1     0.7     0.9     0.6 -999.000  200.4  238.8    2.451   72.8877631   53.5789306  935.1  100
 2016   12  204  884.40  -21.54  -21.41   83.2    0.67    6.93   107.0  -999.0  -999.0    -1.0     0.0     0.4     0.0 -999.000  175.9  218.8    2.446   72.8877303   53.5794303  934.0  100
 2017    1  205  886.45  -22.30  -22.15   84.3    0.57    6.35   110.5    42.5     0.7    -0.8     0.2     0.4     0.1 -999.000  182.1  215.8    2.367 -999.0000000 -999.0000000 -999.0  100
 2017    2  206  884.71  -21.65  -21.50   79.2    0.68    7.12   110.8    53.9    -2.2    10.8    13.1    10.6    10.1 -999.000  173.3  217.9    2.331   72.8876625   53.5803791  934.0  100
 2017    3  207  890.76  -20.65  -20.43   80.9    0.64    5.57   113.5  -999.0  -999.0    71.2    78.8    60.4    60.6 -999.000  183.1  221.4    2.266   72.8876224   53.5808987  930.3  100
 2017    4  208  898.39  -15.61  -15.32   78.1    0.98    6.27   112.5  -999.0  -999.0   178.4   182.0   146.6   146.5    0.815  190.0  242.8    2.279   72.8875695   53.5813621  932.5  100
 2017    5  209  906.07   -4.93   -4.45   80.1    2.32    3.74   115.6    11.7   -14.8   269.5   275.3   228.3   227.3    0.831  248.1  291.0    2.119   72.8875355   53.5818483  932.5  100
 2017    6  210  901.23   -0.47    0.06   78.9    3.21    3.51   113.6     9.9   -18.2   336.4   343.3   253.8   253.0    0.749  251.6  310.6    2.297   72.8874978   53.5823361  932.6  100
 2017    7  211  897.69    1.01    1.37   74.1    3.42    5.91   108.5    39.6   -24.6   298.7   305.2   183.3   183.0    0.594  253.7  311.4    2.462   72.8874606   53.5828356  932.0  100
 2017    8  212  900.68    0.09    0.24   77.1    3.32    4.79   101.8    24.7   -18.9   181.4   186.4   109.7   110.4    0.621  266.5  308.2    2.465   72.8874263   53.5833471  930.9  100
 2017    9  213  895.46   -6.01   -6.33   70.3    1.92    5.89    93.8    29.3   -22.8    90.8    91.3    71.7    69.8 -999.000  243.6  281.3    2.460   72.8873929   53.5837862  929.5  100
 2017   10  214  893.20  -10.02  -10.40   69.9    1.38    6.65    96.4    39.0   -17.0    24.4    24.0    19.9    19.5 -999.000  226.1  262.5    2.493   72.8873577   53.5842569  928.2  100
 2017   11  215  896.76  -16.75  -17.14   67.8    0.80    8.71    90.1    49.5   -13.0    -0.2     0.9     1.1     0.7 -999.000  184.7  236.3    2.505   72.8873244   53.5847230  929.5  100
 2017   12  216  891.59  -15.31  -15.70   67.9    0.89    7.91    93.9    43.9   -13.4    -0.8     0.0     0.3     0.0 -999.000  206.0  242.6    2.410   72.8872981   53.5852261  929.7  100
 2018    1  217  889.33  -22.33  -22.70   64.8    0.42    7.62    91.8    57.1    -7.8    -0.9     0.2     0.6     0.2 -999.000  166.0  214.1    2.327 -999.0000000 -999.0000000 -999.0  100
 2018    2  218  883.65  -24.22  -24.57   69.2    0.40    6.42    93.2    40.5    -5.9    10.8     9.8     9.0     8.2 -999.000  176.8  210.0    2.301 -999.0000000 -999.0000000 -999.0  100
 2018    3  219  902.83  -20.98  -21.26   68.3    0.60    4.66    94.2    37.4    -4.9    73.3    66.4    58.1    55.5 -999.000  190.8  221.1    2.054   72.8871772   53.5867176  923.1  100
 2018    4  220  896.25  -13.43  -13.61   63.6    0.91    5.54    94.1    33.7   -14.9   186.6   189.7   148.6   146.1    0.760  193.3  249.7    2.063   72.8871377   53.5871919  927.5  100
 2018    5  221  891.15   -9.28   -9.29   64.9    1.46    4.71    97.1    15.4   -29.4   291.9   297.7   233.6   232.7    0.777  218.2  273.1    2.084   72.8871015   53.5876548  927.0  100
 2018    6  222  898.19   -0.69   -0.72   67.5    2.74    4.32    95.0    20.3   -36.4   317.9   324.2   246.4   245.3    0.763  261.4  308.4    2.274   72.8870657   53.5881458  927.5  100
 2018    7  223  897.63    0.65    0.55   71.4    3.17    3.64    98.9    15.8   -24.4   263.2   268.9   185.6   183.1    0.689  274.5  313.6    2.464   72.8870283   53.5886438  926.9  100
 2018    8  224  898.00    0.41    0.50   83.1    3.66    5.02   111.0    28.3   -10.3   154.6   155.6    84.8    84.1    0.551  278.8  309.8    2.549   72.8870408   53.5890655  924.9  100
 2018    9  225  898.08   -6.59   -6.51   82.1 -999.00    5.57   110.8  -999.0  -999.0    99.7   102.6    71.9    73.1 -999.000  241.4  279.0    2.527   72.8870108   53.5895351  923.3  100
 2018   10  226  894.88  -16.00  -15.99   83.7    0.88    7.48   108.2    36.6    -1.9    24.9    26.7    21.0    18.4 -999.000  197.0  240.9    2.538   72.8869794   53.5899895  922.6  100
 2018   11  227  898.87  -16.41  -16.44   85.9    0.94    7.43   113.3    48.2    -0.1     0.1     1.1     1.3     0.8 -999.000  197.7  238.4    2.435   72.8869475   53.5905344  925.6  100
 2018   12  228  891.46  -18.33  -18.36   87.1    0.83    6.45   107.9    40.7     0.9    -0.9     0.0     0.3     0.0 -999.000  202.6  230.7    2.374 -999.0000000 -999.0000000 -999.0  100
 2019    1  229  893.23  -21.62  -21.63   87.4    0.67    6.74   111.8    43.8     1.8    -0.7     0.2     0.4     0.1 -999.000  183.8  219.2    2.370 -999.0000000 -999.0000000 -999.0  100
 2019    2  230  890.44  -18.98  -18.98   83.1    0.72    8.14   111.6    58.9     1.2    10.9    12.5    10.7    10.1 -999.000  180.9  226.1    2.314   72.8868400   53.5919695  916.9  100
 2019    3  231  887.87  -24.31  -24.15   83.6    0.52    5.86   111.7    42.4     0.4    74.2    76.2    64.1    63.0 -999.000  167.0  209.3    2.242 -999.0000000 -999.0000000 -999.0  100
 2019    4  232  898.11   -9.67   -9.44   83.2    1.74    6.75   115.6    36.4    -9.2   172.1   170.0   144.6   141.9    0.842  229.3  266.6    2.228   72.8867707   53.5929043  922.3  100
 2019    5  233  911.10   -0.64   -0.22   75.7    3.00    5.43   109.1    26.5   -24.1   303.4   290.7   220.0   210.5    0.721  243.0  305.9    2.370   72.8867303   53.5933794  921.3  100
 2019    6  234  910.51    0.73    1.07   83.7 -999.00    4.06   111.5  -999.0  -999.0   299.3  -999.0   196.0  -999.0    0.659 -999.0  313.4    2.491   72.8866952   53.5938790  921.4  100
 2019    7  235  908.23    3.02    3.28   76.7 -999.00    6.35   101.7  -999.0  -999.0   318.5  -999.0   137.1  -999.0    0.415 -999.0  317.5    2.484   72.8866561   53.5943909  920.5  100
 2019    8  236  909.08    0.38    0.58   78.5 -999.00    5.39    92.9  -999.0  -999.0   289.4  -999.0   113.0  -999.0    0.354 -999.0  309.4    2.619   72.8866076   53.5948783  919.1  100
 2019    9  237  900.25   -3.99   -3.92   78.3 -999.00    6.76    93.8  -999.0  -999.0   148.1  -999.0    60.8  -999.0 -999.000 -999.0  290.5    2.637   72.8865789   53.5953247  918.4  100
 2019   10  238  903.60   -7.80   -7.83   81.6    1.87    6.78    95.3    35.0   -10.7    39.5    20.3    15.2    15.0 -999.000  246.6  273.9    2.418   72.8865496   53.5957814  917.4  100
 2019   11  239  896.66  -11.11  -11.16   85.6    1.50    7.82    98.1    39.7    -2.5     1.3     1.0     1.0     0.8 -999.000  228.7  260.0    2.240 -999.0000000 -999.0000000 -999.0  100
 2019   12  240  891.67  -20.27  -20.30   82.9    0.64    7.38    95.3    48.6     0.2    -0.8     0.0     0.4     0.0 -999.000  183.1  223.4    2.140 -999.0000000 -999.0000000 -999.0  100
 2020    1  241  882.86  -25.47  -25.48   87.4    0.39    6.79    94.9    42.9     0.9    -0.6     0.2     0.6     0.2 -999.000  171.6  205.7    2.022 -999.0000000 -999.0000000 -999.0  100
 2020    2  242  883.43  -25.27  -25.26   86.1    0.43    7.15    94.4    52.4     1.3    34.1    12.9    10.6    10.3 -999.000  167.8  205.7    1.966   72.8864250   53.5976099  917.6  100
 2020    3  243  893.88  -24.64  -24.52   84.4    0.48    6.83    95.6    41.2    -0.4   123.8    73.8    59.6    59.2 -999.000  172.3  209.7    1.975 -999.0000000 -999.0000000 -999.0  100
 2020    4  244  902.94  -11.19  -10.97   81.1    1.55    7.97    94.7    41.1    -9.1   238.7   180.5   151.8   141.9    0.787  214.1  260.6    1.844   72.8863484   53.5985318  916.8  100
 2020    5  245  903.46   -5.96   -5.50   79.3    2.15    3.88    96.9    15.1   -19.1   327.2   293.1   252.3   223.5    0.769  243.0  286.4    1.679   72.8863191   53.5989685  915.8  100
 2020    6  246  905.26   -0.84   -0.40   79.9    3.17    4.01    94.7    18.5   -18.8   353.7   337.1   276.5   246.0    0.737  263.0  307.4    1.890   72.8862877   53.5994435  917.1  100
 2020    7  247  904.95    1.75    2.02   82.3 -999.00    4.29    94.1  -999.0  -999.0   293.7  -999.0   161.9  -999.0 -999.000 -999.0  316.4    2.521   72.8862569   53.5999177  916.4  100
 2020    8  248  902.39   -0.12    0.10   81.8 -999.00    5.03   127.5  -999.0  -999.0   194.9  -999.0   125.9  -999.0    0.649 -999.0  308.0    2.524   72.8838907   53.6003320  912.7  100
 2020    9  249  898.13   -9.56   -9.45   85.3 -999.00    5.64   136.4  -999.0  -999.0    93.0  -999.0    76.2  -999.0 -999.000 -999.0  267.8    2.502   72.8836986   53.6005366  914.4  100
 2020   10  250  899.25   -8.76   -8.85   84.2 -999.00    6.95   138.9  -999.0  -999.0    22.9  -999.0    18.8  -999.0 -999.000 -999.0  268.2    2.518   72.8862222   53.6014193  911.5  100
 2020   11  251  888.63  -17.37  -17.44   88.8 -999.00    6.91   142.0  -999.0  -999.0     0.2  -999.0     1.0  -999.0 -999.000  211.2  237.1    2.516 -999.0000000 -999.0000000 -999.0  100
 2020   12  252  898.13  -14.33  -14.43   90.1 -999.00    7.53   138.0  -999.0  -999.0    -0.7  -999.0     0.2  -999.0 -999.000  220.6  248.2    2.464 -999.0000000 -999.0000000 -999.0  100
 2021    1  253  900.92  -14.94  -15.04   85.4 -999.00    7.64   139.6  -999.0  -999.0    -0.6  -999.0     0.4  -999.0 -999.000  211.7  244.4    2.493 -999.0000000 -999.0000000 -999.0  100
 2021    2  254 -999.00 -999.00 -999.00 -999.0 -999.00 -999.00  -999.0  -999.0  -999.0  -999.0  -999.0  -999.0  -999.0 -999.000 -999.0 -999.0 -999.000 -999.0000000 -999.0000000 -999.0  100
 2021    3  255 -999.00 -999.00 -999.00 -999.0 -999.00 -999.00  -999.0  -999.0  -999.0  -999.0  -999.0  -999.0  -999.0 -999.000 -999.0 -999.0 -999.000 -999.0000000 -999.0000000 -999.0  100
 2021    4  256  912.02  -11.37  -11.11   82.9 -999.00    6.54   140.1  -999.0  -999.0   175.8  -999.0   147.4  -999.0 -999.000 -999.0  260.9    2.302   72.8860371   53.6041458  912.1  100
 2021    5  257  907.54   -4.04   -3.53   77.6 -999.00    6.71   144.3  -999.0  -999.0   294.9  -999.0   242.5  -999.0 -999.000 -999.0  290.6    2.338   72.8860099   53.6045787  912.8  100
 2021    6  258  901.59    0.26    0.83   78.3 -999.00    5.54   138.5  -999.0  -999.0   351.8  -999.0   244.9  -999.0    0.705 -999.0  309.8    2.516   72.8859786   53.6050193  912.5  100
 2021    7  259  902.06    1.24    1.61   85.4 -999.00    4.83   140.2  -999.0  -999.0   237.5  -999.0   157.6  -999.0 -999.000 -999.0  314.1    2.561   72.8859511   53.6055017  912.8  100
 2021    8  260  902.56    1.70    1.84   86.8 -999.00    5.12   133.7  -999.0  -999.0   157.5  -999.0    86.6  -999.0 -999.000 -999.0  314.5    2.578   72.8859137   53.6060157  910.8  100
 2021    9  261  903.02   -9.82   -9.72   82.0 -999.00    6.79   135.3  -999.0  -999.0    92.8  -999.0    74.9  -999.0 -999.000 -999.0  267.5    2.529   72.8858887   53.6064703  909.7  100
 2021   10  262  904.94   -9.97  -10.03   82.9 -999.00    7.34   136.7  -999.0  -999.0    19.3  -999.0    17.3  -999.0 -999.000 -999.0  265.9    2.405   72.8858674   53.6068713  910.5  100
 2021   11  263  897.24  -17.72  -17.79   86.4 -999.00    7.28   134.0  -999.0  -999.0     0.2  -999.0     1.2  -999.0 -999.000 -999.0  236.3    2.335 -999.0000000 -999.0000000 -999.0  100
 2021   12  264  892.58  -12.52  -12.64   79.3 -999.00    9.06   138.4  -999.0  -999.0    -0.9  -999.0     0.3  -999.0 -999.000  214.2  253.7    2.369 -999.0000000 -999.0000000 -999.0  100
 2022    1  265 -999.00 -999.00 -999.00 -999.0 -999.00 -999.00  -999.0  -999.0  -999.0  -999.0  -999.0  -999.0  -999.0 -999.000 -999.0 -999.0 -999.000 -999.0000000 -999.0000000 -999.0  100
